,index,holgura
0,"(0, 0, 1)",0.0
1,"(1, 0, 1)",0.0
2,"(2, 0, 1)",0.0
3,"(3, 0, 1)",0.0
4,"(4, 0, 1)",0.0
5,"(5, 0, 1)",0.0
6,"(6, 0, 1)",0.0
7,"(7, 0, 1)",0.0
8,"(8, 0, 1)",0.0
9,"(9, 0, 1)",0.0
10,"(10, 0, 1)",0.0
11,"(11, 0, 1)",0.0
12,"(12, 0, 1)",0.0
13,"(13, 0, 1)",46.0
14,"(14, 0, 1)",2.0
15,"(15, 0, 1)",4.0
16,"(16, 0, 1)",0.0
17,"(17, 0, 1)",0.0
18,"(18, 0, 1)",0.0
19,"(19, 0, 1)",0.0
20,"(20, 0, 1)",0.0
21,"(0, 0, 2)",0.0
22,"(1, 0, 2)",0.0
23,"(2, 0, 2)",0.0
24,"(3, 0, 2)",0.0
25,"(4, 0, 2)",0.0
26,"(5, 0, 2)",0.0
27,"(6, 0, 2)",0.0
28,"(7, 0, 2)",0.0
29,"(8, 0, 2)",0.0
30,"(9, 0, 2)",0.0
31,"(10, 0, 2)",0.0
32,"(11, 0, 2)",0.0
33,"(12, 0, 2)",0.0
34,"(13, 0, 2)",0.0
35,"(14, 0, 2)",0.0
36,"(15, 0, 2)",0.0
37,"(16, 0, 2)",0.0
38,"(17, 0, 2)",0.0
39,"(18, 0, 2)",0.0
40,"(19, 0, 2)",0.0
41,"(20, 0, 2)",0.0
42,"(0, 0, 3)",0.0
43,"(1, 0, 3)",0.0
44,"(2, 0, 3)",0.0
45,"(3, 0, 3)",0.0
46,"(4, 0, 3)",0.0
47,"(5, 0, 3)",0.0
48,"(6, 0, 3)",0.0
49,"(7, 0, 3)",0.0
50,"(8, 0, 3)",0.0
51,"(9, 0, 3)",0.0
52,"(10, 0, 3)",0.0
53,"(11, 0, 3)",0.0
54,"(12, 0, 3)",0.0
55,"(13, 0, 3)",0.0
56,"(14, 0, 3)",0.0
57,"(15, 0, 3)",0.0
58,"(16, 0, 3)",0.0
59,"(17, 0, 3)",0.0
60,"(18, 0, 3)",0.0
61,"(19, 0, 3)",0.0
62,"(20, 0, 3)",0.0
63,"(0, 0, 4)",0.0
64,"(1, 0, 4)",0.0
65,"(2, 0, 4)",0.0
66,"(3, 0, 4)",0.0
67,"(4, 0, 4)",0.0
68,"(5, 0, 4)",0.0
69,"(6, 0, 4)",0.0
70,"(7, 0, 4)",0.0
71,"(8, 0, 4)",0.0
72,"(9, 0, 4)",0.0
73,"(10, 0, 4)",0.0
74,"(11, 0, 4)",0.0
75,"(12, 0, 4)",0.0
76,"(13, 0, 4)",0.0
77,"(14, 0, 4)",0.0
78,"(15, 0, 4)",0.0
79,"(16, 0, 4)",0.0
80,"(17, 0, 4)",0.0
81,"(18, 0, 4)",0.0
82,"(19, 0, 4)",0.0
83,"(20, 0, 4)",0.0
84,"(0, 0, 5)",0.0
85,"(1, 0, 5)",0.0
86,"(2, 0, 5)",0.0
87,"(3, 0, 5)",0.0
88,"(4, 0, 5)",0.0
89,"(5, 0, 5)",0.0
90,"(6, 0, 5)",0.0
91,"(7, 0, 5)",0.0
92,"(8, 0, 5)",0.0
93,"(9, 0, 5)",0.0
94,"(10, 0, 5)",0.0
95,"(11, 0, 5)",0.0
96,"(12, 0, 5)",0.0
97,"(13, 0, 5)",0.0
98,"(14, 0, 5)",0.0
99,"(15, 0, 5)",0.0
100,"(16, 0, 5)",0.0
101,"(17, 0, 5)",0.0
102,"(18, 0, 5)",0.0
103,"(19, 0, 5)",0.0
104,"(20, 0, 5)",0.0
105,"(0, 0, 6)",0.0
106,"(1, 0, 6)",0.0
107,"(2, 0, 6)",0.0
108,"(3, 0, 6)",0.0
109,"(4, 0, 6)",0.0
110,"(5, 0, 6)",0.0
111,"(6, 0, 6)",0.0
112,"(7, 0, 6)",0.0
113,"(8, 0, 6)",0.0
114,"(9, 0, 6)",0.0
115,"(10, 0, 6)",0.0
116,"(11, 0, 6)",0.0
117,"(12, 0, 6)",0.0
118,"(13, 0, 6)",0.0
119,"(14, 0, 6)",0.0
120,"(15, 0, 6)",0.0
121,"(16, 0, 6)",0.0
122,"(17, 0, 6)",0.0
123,"(18, 0, 6)",0.0
124,"(19, 0, 6)",0.0
125,"(20, 0, 6)",0.0
126,"(0, 0, 7)",0.0
127,"(1, 0, 7)",0.0
128,"(2, 0, 7)",0.0
129,"(3, 0, 7)",0.0
130,"(4, 0, 7)",0.0
131,"(5, 0, 7)",0.0
132,"(6, 0, 7)",0.0
133,"(7, 0, 7)",0.0
134,"(8, 0, 7)",0.0
135,"(9, 0, 7)",0.0
136,"(10, 0, 7)",0.0
137,"(11, 0, 7)",0.0
138,"(12, 0, 7)",0.0
139,"(13, 0, 7)",0.0
140,"(14, 0, 7)",0.0
141,"(15, 0, 7)",0.0
142,"(16, 0, 7)",0.0
143,"(17, 0, 7)",0.0
144,"(18, 0, 7)",0.0
145,"(19, 0, 7)",0.0
146,"(20, 0, 7)",0.0
147,"(0, 0, 8)",0.0
148,"(1, 0, 8)",0.0
149,"(2, 0, 8)",0.0
150,"(3, 0, 8)",0.0
151,"(4, 0, 8)",0.0
152,"(5, 0, 8)",0.0
153,"(6, 0, 8)",0.0
154,"(7, 0, 8)",0.0
155,"(8, 0, 8)",0.0
156,"(9, 0, 8)",0.0
157,"(10, 0, 8)",0.0
158,"(11, 0, 8)",0.0
159,"(12, 0, 8)",0.0
160,"(13, 0, 8)",0.0
161,"(14, 0, 8)",0.0
162,"(15, 0, 8)",0.0
163,"(16, 0, 8)",0.0
164,"(17, 0, 8)",0.0
165,"(18, 0, 8)",0.0
166,"(19, 0, 8)",0.0
167,"(20, 0, 8)",0.0
168,"(0, 1, 1)",0.0
169,"(1, 1, 1)",0.0
170,"(2, 1, 1)",0.0
171,"(3, 1, 1)",0.0
172,"(4, 1, 1)",0.0
173,"(5, 1, 1)",0.0
174,"(6, 1, 1)",0.0
175,"(7, 1, 1)",0.0
176,"(8, 1, 1)",0.0
177,"(9, 1, 1)",0.0
178,"(10, 1, 1)",0.0
179,"(11, 1, 1)",0.0
180,"(12, 1, 1)",0.0
181,"(13, 1, 1)",0.0
182,"(14, 1, 1)",0.0
183,"(15, 1, 1)",0.0
184,"(16, 1, 1)",0.0
185,"(17, 1, 1)",0.0
186,"(18, 1, 1)",0.0
187,"(19, 1, 1)",0.0
188,"(20, 1, 1)",0.0
189,"(0, 1, 2)",0.0
190,"(1, 1, 2)",0.0
191,"(2, 1, 2)",0.0
192,"(3, 1, 2)",0.0
193,"(4, 1, 2)",0.0
194,"(5, 1, 2)",0.0
195,"(6, 1, 2)",0.0
196,"(7, 1, 2)",0.0
197,"(8, 1, 2)",0.0
198,"(9, 1, 2)",0.0
199,"(10, 1, 2)",0.0
200,"(11, 1, 2)",0.0
201,"(12, 1, 2)",0.0
202,"(13, 1, 2)",0.0
203,"(14, 1, 2)",0.0
204,"(15, 1, 2)",0.0
205,"(16, 1, 2)",0.0
206,"(17, 1, 2)",0.0
207,"(18, 1, 2)",0.0
208,"(19, 1, 2)",0.0
209,"(20, 1, 2)",0.0
210,"(0, 1, 3)",0.0
211,"(1, 1, 3)",0.0
212,"(2, 1, 3)",0.0
213,"(3, 1, 3)",0.0
214,"(4, 1, 3)",0.0
215,"(5, 1, 3)",0.0
216,"(6, 1, 3)",0.0
217,"(7, 1, 3)",0.0
218,"(8, 1, 3)",0.0
219,"(9, 1, 3)",0.0
220,"(10, 1, 3)",0.0
221,"(11, 1, 3)",0.0
222,"(12, 1, 3)",0.0
223,"(13, 1, 3)",0.0
224,"(14, 1, 3)",0.0
225,"(15, 1, 3)",0.0
226,"(16, 1, 3)",0.0
227,"(17, 1, 3)",0.0
228,"(18, 1, 3)",0.0
229,"(19, 1, 3)",0.0
230,"(20, 1, 3)",0.0
231,"(0, 1, 4)",0.0
232,"(1, 1, 4)",0.0
233,"(2, 1, 4)",0.0
234,"(3, 1, 4)",0.0
235,"(4, 1, 4)",0.0
236,"(5, 1, 4)",0.0
237,"(6, 1, 4)",0.0
238,"(7, 1, 4)",0.0
239,"(8, 1, 4)",0.0
240,"(9, 1, 4)",0.0
241,"(10, 1, 4)",0.0
242,"(11, 1, 4)",0.0
243,"(12, 1, 4)",0.0
244,"(13, 1, 4)",0.0
245,"(14, 1, 4)",0.0
246,"(15, 1, 4)",0.0
247,"(16, 1, 4)",0.0
248,"(17, 1, 4)",0.0
249,"(18, 1, 4)",0.0
250,"(19, 1, 4)",0.0
251,"(20, 1, 4)",0.0
252,"(0, 1, 5)",0.0
253,"(1, 1, 5)",0.0
254,"(2, 1, 5)",0.0
255,"(3, 1, 5)",0.0
256,"(4, 1, 5)",0.0
257,"(5, 1, 5)",0.0
258,"(6, 1, 5)",0.0
259,"(7, 1, 5)",0.0
260,"(8, 1, 5)",0.0
261,"(9, 1, 5)",0.0
262,"(10, 1, 5)",0.0
263,"(11, 1, 5)",0.0
264,"(12, 1, 5)",0.0
265,"(13, 1, 5)",0.0
266,"(14, 1, 5)",0.0
267,"(15, 1, 5)",0.0
268,"(16, 1, 5)",0.0
269,"(17, 1, 5)",0.0
270,"(18, 1, 5)",0.0
271,"(19, 1, 5)",0.0
272,"(20, 1, 5)",0.0
273,"(0, 1, 6)",0.0
274,"(1, 1, 6)",0.0
275,"(2, 1, 6)",0.0
276,"(3, 1, 6)",0.0
277,"(4, 1, 6)",0.0
278,"(5, 1, 6)",0.0
279,"(6, 1, 6)",0.0
280,"(7, 1, 6)",0.0
281,"(8, 1, 6)",0.0
282,"(9, 1, 6)",0.0
283,"(10, 1, 6)",0.0
284,"(11, 1, 6)",0.0
285,"(12, 1, 6)",0.0
286,"(13, 1, 6)",0.0
287,"(14, 1, 6)",0.0
288,"(15, 1, 6)",0.0
289,"(16, 1, 6)",0.0
290,"(17, 1, 6)",0.0
291,"(18, 1, 6)",0.0
292,"(19, 1, 6)",0.0
293,"(20, 1, 6)",0.0
294,"(0, 1, 7)",0.0
295,"(1, 1, 7)",0.0
296,"(2, 1, 7)",0.0
297,"(3, 1, 7)",0.0
298,"(4, 1, 7)",0.0
299,"(5, 1, 7)",0.0
300,"(6, 1, 7)",0.0
301,"(7, 1, 7)",0.0
302,"(8, 1, 7)",0.0
303,"(9, 1, 7)",0.0
304,"(10, 1, 7)",0.0
305,"(11, 1, 7)",0.0
306,"(12, 1, 7)",0.0
307,"(13, 1, 7)",0.0
308,"(14, 1, 7)",0.0
309,"(15, 1, 7)",0.0
310,"(16, 1, 7)",0.0
311,"(17, 1, 7)",0.0
312,"(18, 1, 7)",0.0
313,"(19, 1, 7)",0.0
314,"(20, 1, 7)",0.0
315,"(0, 1, 8)",0.0
316,"(1, 1, 8)",0.0
317,"(2, 1, 8)",0.0
318,"(3, 1, 8)",0.0
319,"(4, 1, 8)",0.0
320,"(5, 1, 8)",0.0
321,"(6, 1, 8)",0.0
322,"(7, 1, 8)",0.0
323,"(8, 1, 8)",0.0
324,"(9, 1, 8)",0.0
325,"(10, 1, 8)",0.0
326,"(11, 1, 8)",0.0
327,"(12, 1, 8)",0.0
328,"(13, 1, 8)",0.0
329,"(14, 1, 8)",0.0
330,"(15, 1, 8)",0.0
331,"(16, 1, 8)",0.0
332,"(17, 1, 8)",0.0
333,"(18, 1, 8)",0.0
334,"(19, 1, 8)",0.0
335,"(20, 1, 8)",0.0
336,"(0, 2, 1)",0.0
337,"(1, 2, 1)",0.0
338,"(2, 2, 1)",0.0
339,"(3, 2, 1)",0.0
340,"(4, 2, 1)",0.0
341,"(5, 2, 1)",0.0
342,"(6, 2, 1)",0.0
343,"(7, 2, 1)",0.0
344,"(8, 2, 1)",0.0
345,"(9, 2, 1)",0.0
346,"(10, 2, 1)",0.0
347,"(11, 2, 1)",0.0
348,"(12, 2, 1)",0.0
349,"(13, 2, 1)",0.0
350,"(14, 2, 1)",0.0
351,"(15, 2, 1)",0.0
352,"(16, 2, 1)",0.0
353,"(17, 2, 1)",0.0
354,"(18, 2, 1)",0.0
355,"(19, 2, 1)",0.0
356,"(20, 2, 1)",0.0
357,"(0, 2, 2)",0.0
358,"(1, 2, 2)",0.0
359,"(2, 2, 2)",0.0
360,"(3, 2, 2)",0.0
361,"(4, 2, 2)",0.0
362,"(5, 2, 2)",0.0
363,"(6, 2, 2)",0.0
364,"(7, 2, 2)",0.0
365,"(8, 2, 2)",0.0
366,"(9, 2, 2)",0.0
367,"(10, 2, 2)",0.0
368,"(11, 2, 2)",0.0
369,"(12, 2, 2)",0.0
370,"(13, 2, 2)",0.0
371,"(14, 2, 2)",0.0
372,"(15, 2, 2)",0.0
373,"(16, 2, 2)",0.0
374,"(17, 2, 2)",0.0
375,"(18, 2, 2)",0.0
376,"(19, 2, 2)",0.0
377,"(20, 2, 2)",0.0
378,"(0, 2, 3)",0.0
379,"(1, 2, 3)",0.0
380,"(2, 2, 3)",0.0
381,"(3, 2, 3)",0.0
382,"(4, 2, 3)",0.0
383,"(5, 2, 3)",0.0
384,"(6, 2, 3)",0.0
385,"(7, 2, 3)",0.0
386,"(8, 2, 3)",0.0
387,"(9, 2, 3)",0.0
388,"(10, 2, 3)",0.0
389,"(11, 2, 3)",0.0
390,"(12, 2, 3)",0.0
391,"(13, 2, 3)",0.0
392,"(14, 2, 3)",0.0
393,"(15, 2, 3)",0.0
394,"(16, 2, 3)",0.0
395,"(17, 2, 3)",0.0
396,"(18, 2, 3)",0.0
397,"(19, 2, 3)",0.0
398,"(20, 2, 3)",0.0
399,"(0, 2, 4)",0.0
400,"(1, 2, 4)",0.0
401,"(2, 2, 4)",0.0
402,"(3, 2, 4)",0.0
403,"(4, 2, 4)",0.0
404,"(5, 2, 4)",0.0
405,"(6, 2, 4)",0.0
406,"(7, 2, 4)",0.0
407,"(8, 2, 4)",0.0
408,"(9, 2, 4)",0.0
409,"(10, 2, 4)",0.0
410,"(11, 2, 4)",0.0
411,"(12, 2, 4)",0.0
412,"(13, 2, 4)",0.0
413,"(14, 2, 4)",0.0
414,"(15, 2, 4)",0.0
415,"(16, 2, 4)",0.0
416,"(17, 2, 4)",0.0
417,"(18, 2, 4)",0.0
418,"(19, 2, 4)",0.0
419,"(20, 2, 4)",0.0
420,"(0, 2, 5)",0.0
421,"(1, 2, 5)",0.0
422,"(2, 2, 5)",0.0
423,"(3, 2, 5)",0.0
424,"(4, 2, 5)",0.0
425,"(5, 2, 5)",0.0
426,"(6, 2, 5)",0.0
427,"(7, 2, 5)",0.0
428,"(8, 2, 5)",0.0
429,"(9, 2, 5)",0.0
430,"(10, 2, 5)",0.0
431,"(11, 2, 5)",0.0
432,"(12, 2, 5)",0.0
433,"(13, 2, 5)",0.0
434,"(14, 2, 5)",0.0
435,"(15, 2, 5)",0.0
436,"(16, 2, 5)",0.0
437,"(17, 2, 5)",0.0
438,"(18, 2, 5)",0.0
439,"(19, 2, 5)",0.0
440,"(20, 2, 5)",0.0
441,"(0, 2, 6)",0.0
442,"(1, 2, 6)",0.0
443,"(2, 2, 6)",0.0
444,"(3, 2, 6)",0.0
445,"(4, 2, 6)",0.0
446,"(5, 2, 6)",0.0
447,"(6, 2, 6)",0.0
448,"(7, 2, 6)",0.0
449,"(8, 2, 6)",0.0
450,"(9, 2, 6)",0.0
451,"(10, 2, 6)",0.0
452,"(11, 2, 6)",0.0
453,"(12, 2, 6)",0.0
454,"(13, 2, 6)",0.0
455,"(14, 2, 6)",0.0
456,"(15, 2, 6)",0.0
457,"(16, 2, 6)",0.0
458,"(17, 2, 6)",0.0
459,"(18, 2, 6)",0.0
460,"(19, 2, 6)",0.0
461,"(20, 2, 6)",0.0
462,"(0, 2, 7)",0.0
463,"(1, 2, 7)",0.0
464,"(2, 2, 7)",0.0
465,"(3, 2, 7)",0.0
466,"(4, 2, 7)",0.0
467,"(5, 2, 7)",0.0
468,"(6, 2, 7)",0.0
469,"(7, 2, 7)",0.0
470,"(8, 2, 7)",0.0
471,"(9, 2, 7)",0.0
472,"(10, 2, 7)",0.0
473,"(11, 2, 7)",0.0
474,"(12, 2, 7)",0.0
475,"(13, 2, 7)",0.0
476,"(14, 2, 7)",0.0
477,"(15, 2, 7)",0.0
478,"(16, 2, 7)",0.0
479,"(17, 2, 7)",0.0
480,"(18, 2, 7)",0.0
481,"(19, 2, 7)",0.0
482,"(20, 2, 7)",0.0
483,"(0, 2, 8)",0.0
484,"(1, 2, 8)",0.0
485,"(2, 2, 8)",0.0
486,"(3, 2, 8)",0.0
487,"(4, 2, 8)",0.0
488,"(5, 2, 8)",0.0
489,"(6, 2, 8)",0.0
490,"(7, 2, 8)",0.0
491,"(8, 2, 8)",0.0
492,"(9, 2, 8)",0.0
493,"(10, 2, 8)",0.0
494,"(11, 2, 8)",0.0
495,"(12, 2, 8)",0.0
496,"(13, 2, 8)",0.0
497,"(14, 2, 8)",0.0
498,"(15, 2, 8)",0.0
499,"(16, 2, 8)",0.0
500,"(17, 2, 8)",0.0
501,"(18, 2, 8)",0.0
502,"(19, 2, 8)",0.0
503,"(20, 2, 8)",0.0
504,"(0, 3, 1)",0.0
505,"(1, 3, 1)",0.0
506,"(2, 3, 1)",0.0
507,"(3, 3, 1)",0.0
508,"(4, 3, 1)",0.0
509,"(5, 3, 1)",0.0
510,"(6, 3, 1)",0.0
511,"(7, 3, 1)",0.0
512,"(8, 3, 1)",0.0
513,"(9, 3, 1)",0.0
514,"(10, 3, 1)",0.0
515,"(11, 3, 1)",0.0
516,"(12, 3, 1)",0.0
517,"(13, 3, 1)",0.0
518,"(14, 3, 1)",0.0
519,"(15, 3, 1)",0.0
520,"(16, 3, 1)",0.0
521,"(17, 3, 1)",0.0
522,"(18, 3, 1)",0.0
523,"(19, 3, 1)",0.0
524,"(20, 3, 1)",0.0
525,"(0, 3, 2)",0.0
526,"(1, 3, 2)",0.0
527,"(2, 3, 2)",0.0
528,"(3, 3, 2)",0.0
529,"(4, 3, 2)",0.0
530,"(5, 3, 2)",0.0
531,"(6, 3, 2)",0.0
532,"(7, 3, 2)",0.0
533,"(8, 3, 2)",0.0
534,"(9, 3, 2)",0.0
535,"(10, 3, 2)",0.0
536,"(11, 3, 2)",0.0
537,"(12, 3, 2)",0.0
538,"(13, 3, 2)",0.0
539,"(14, 3, 2)",0.0
540,"(15, 3, 2)",0.0
541,"(16, 3, 2)",0.0
542,"(17, 3, 2)",0.0
543,"(18, 3, 2)",0.0
544,"(19, 3, 2)",0.0
545,"(20, 3, 2)",0.0
546,"(0, 3, 3)",0.0
547,"(1, 3, 3)",0.0
548,"(2, 3, 3)",0.0
549,"(3, 3, 3)",0.0
550,"(4, 3, 3)",0.0
551,"(5, 3, 3)",0.0
552,"(6, 3, 3)",0.0
553,"(7, 3, 3)",0.0
554,"(8, 3, 3)",0.0
555,"(9, 3, 3)",0.0
556,"(10, 3, 3)",0.0
557,"(11, 3, 3)",0.0
558,"(12, 3, 3)",0.0
559,"(13, 3, 3)",0.0
560,"(14, 3, 3)",0.0
561,"(15, 3, 3)",0.0
562,"(16, 3, 3)",0.0
563,"(17, 3, 3)",0.0
564,"(18, 3, 3)",0.0
565,"(19, 3, 3)",0.0
566,"(20, 3, 3)",0.0
567,"(0, 3, 4)",0.0
568,"(1, 3, 4)",0.0
569,"(2, 3, 4)",0.0
570,"(3, 3, 4)",0.0
571,"(4, 3, 4)",0.0
572,"(5, 3, 4)",0.0
573,"(6, 3, 4)",0.0
574,"(7, 3, 4)",0.0
575,"(8, 3, 4)",0.0
576,"(9, 3, 4)",0.0
577,"(10, 3, 4)",0.0
578,"(11, 3, 4)",0.0
579,"(12, 3, 4)",0.0
580,"(13, 3, 4)",0.0
581,"(14, 3, 4)",0.0
582,"(15, 3, 4)",0.0
583,"(16, 3, 4)",0.0
584,"(17, 3, 4)",0.0
585,"(18, 3, 4)",0.0
586,"(19, 3, 4)",0.0
587,"(20, 3, 4)",0.0
588,"(0, 3, 5)",0.0
589,"(1, 3, 5)",0.0
590,"(2, 3, 5)",0.0
591,"(3, 3, 5)",0.0
592,"(4, 3, 5)",0.0
593,"(5, 3, 5)",0.0
594,"(6, 3, 5)",0.0
595,"(7, 3, 5)",0.0
596,"(8, 3, 5)",0.0
597,"(9, 3, 5)",0.0
598,"(10, 3, 5)",0.0
599,"(11, 3, 5)",0.0
600,"(12, 3, 5)",0.0
601,"(13, 3, 5)",0.0
602,"(14, 3, 5)",0.0
603,"(15, 3, 5)",0.0
604,"(16, 3, 5)",0.0
605,"(17, 3, 5)",0.0
606,"(18, 3, 5)",0.0
607,"(19, 3, 5)",0.0
608,"(20, 3, 5)",0.0
609,"(0, 3, 6)",0.0
610,"(1, 3, 6)",0.0
611,"(2, 3, 6)",0.0
612,"(3, 3, 6)",0.0
613,"(4, 3, 6)",0.0
614,"(5, 3, 6)",0.0
615,"(6, 3, 6)",0.0
616,"(7, 3, 6)",0.0
617,"(8, 3, 6)",0.0
618,"(9, 3, 6)",0.0
619,"(10, 3, 6)",0.0
620,"(11, 3, 6)",0.0
621,"(12, 3, 6)",0.0
622,"(13, 3, 6)",0.0
623,"(14, 3, 6)",0.0
624,"(15, 3, 6)",0.0
625,"(16, 3, 6)",0.0
626,"(17, 3, 6)",0.0
627,"(18, 3, 6)",0.0
628,"(19, 3, 6)",0.0
629,"(20, 3, 6)",0.0
630,"(0, 3, 7)",0.0
631,"(1, 3, 7)",0.0
632,"(2, 3, 7)",0.0
633,"(3, 3, 7)",0.0
634,"(4, 3, 7)",0.0
635,"(5, 3, 7)",0.0
636,"(6, 3, 7)",0.0
637,"(7, 3, 7)",0.0
638,"(8, 3, 7)",0.0
639,"(9, 3, 7)",0.0
640,"(10, 3, 7)",0.0
641,"(11, 3, 7)",0.0
642,"(12, 3, 7)",0.0
643,"(13, 3, 7)",0.0
644,"(14, 3, 7)",0.0
645,"(15, 3, 7)",0.0
646,"(16, 3, 7)",0.0
647,"(17, 3, 7)",0.0
648,"(18, 3, 7)",0.0
649,"(19, 3, 7)",0.0
650,"(20, 3, 7)",0.0
651,"(0, 3, 8)",0.0
652,"(1, 3, 8)",0.0
653,"(2, 3, 8)",0.0
654,"(3, 3, 8)",0.0
655,"(4, 3, 8)",0.0
656,"(5, 3, 8)",0.0
657,"(6, 3, 8)",0.0
658,"(7, 3, 8)",0.0
659,"(8, 3, 8)",0.0
660,"(9, 3, 8)",0.0
661,"(10, 3, 8)",0.0
662,"(11, 3, 8)",0.0
663,"(12, 3, 8)",0.0
664,"(13, 3, 8)",0.0
665,"(14, 3, 8)",0.0
666,"(15, 3, 8)",0.0
667,"(16, 3, 8)",0.0
668,"(17, 3, 8)",0.0
669,"(18, 3, 8)",0.0
670,"(19, 3, 8)",0.0
671,"(20, 3, 8)",0.0
672,"(0, 4, 1)",0.0
673,"(1, 4, 1)",0.0
674,"(2, 4, 1)",0.0
675,"(3, 4, 1)",0.0
676,"(4, 4, 1)",0.0
677,"(5, 4, 1)",0.0
678,"(6, 4, 1)",0.0
679,"(7, 4, 1)",0.0
680,"(8, 4, 1)",0.0
681,"(9, 4, 1)",0.0
682,"(10, 4, 1)",0.0
683,"(11, 4, 1)",0.0
684,"(12, 4, 1)",0.0
685,"(13, 4, 1)",0.0
686,"(14, 4, 1)",0.0
687,"(15, 4, 1)",0.0
688,"(16, 4, 1)",0.0
689,"(17, 4, 1)",0.0
690,"(18, 4, 1)",0.0
691,"(19, 4, 1)",0.0
692,"(20, 4, 1)",0.0
693,"(0, 4, 2)",0.0
694,"(1, 4, 2)",0.0
695,"(2, 4, 2)",0.0
696,"(3, 4, 2)",0.0
697,"(4, 4, 2)",0.0
698,"(5, 4, 2)",0.0
699,"(6, 4, 2)",0.0
700,"(7, 4, 2)",0.0
701,"(8, 4, 2)",0.0
702,"(9, 4, 2)",0.0
703,"(10, 4, 2)",0.0
704,"(11, 4, 2)",0.0
705,"(12, 4, 2)",0.0
706,"(13, 4, 2)",0.0
707,"(14, 4, 2)",0.0
708,"(15, 4, 2)",0.0
709,"(16, 4, 2)",0.0
710,"(17, 4, 2)",0.0
711,"(18, 4, 2)",0.0
712,"(19, 4, 2)",0.0
713,"(20, 4, 2)",0.0
714,"(0, 4, 3)",0.0
715,"(1, 4, 3)",0.0
716,"(2, 4, 3)",0.0
717,"(3, 4, 3)",0.0
718,"(4, 4, 3)",0.0
719,"(5, 4, 3)",0.0
720,"(6, 4, 3)",0.0
721,"(7, 4, 3)",0.0
722,"(8, 4, 3)",0.0
723,"(9, 4, 3)",0.0
724,"(10, 4, 3)",0.0
725,"(11, 4, 3)",0.0
726,"(12, 4, 3)",0.0
727,"(13, 4, 3)",0.0
728,"(14, 4, 3)",0.0
729,"(15, 4, 3)",0.0
730,"(16, 4, 3)",0.0
731,"(17, 4, 3)",0.0
732,"(18, 4, 3)",0.0
733,"(19, 4, 3)",0.0
734,"(20, 4, 3)",0.0
735,"(0, 4, 4)",0.0
736,"(1, 4, 4)",0.0
737,"(2, 4, 4)",0.0
738,"(3, 4, 4)",0.0
739,"(4, 4, 4)",0.0
740,"(5, 4, 4)",0.0
741,"(6, 4, 4)",0.0
742,"(7, 4, 4)",0.0
743,"(8, 4, 4)",0.0
744,"(9, 4, 4)",0.0
745,"(10, 4, 4)",0.0
746,"(11, 4, 4)",0.0
747,"(12, 4, 4)",0.0
748,"(13, 4, 4)",0.0
749,"(14, 4, 4)",0.0
750,"(15, 4, 4)",0.0
751,"(16, 4, 4)",0.0
752,"(17, 4, 4)",0.0
753,"(18, 4, 4)",0.0
754,"(19, 4, 4)",0.0
755,"(20, 4, 4)",0.0
756,"(0, 4, 5)",0.0
757,"(1, 4, 5)",0.0
758,"(2, 4, 5)",0.0
759,"(3, 4, 5)",0.0
760,"(4, 4, 5)",0.0
761,"(5, 4, 5)",0.0
762,"(6, 4, 5)",0.0
763,"(7, 4, 5)",0.0
764,"(8, 4, 5)",0.0
765,"(9, 4, 5)",0.0
766,"(10, 4, 5)",0.0
767,"(11, 4, 5)",0.0
768,"(12, 4, 5)",0.0
769,"(13, 4, 5)",0.0
770,"(14, 4, 5)",0.0
771,"(15, 4, 5)",0.0
772,"(16, 4, 5)",0.0
773,"(17, 4, 5)",0.0
774,"(18, 4, 5)",0.0
775,"(19, 4, 5)",0.0
776,"(20, 4, 5)",0.0
777,"(0, 4, 6)",0.0
778,"(1, 4, 6)",0.0
779,"(2, 4, 6)",0.0
780,"(3, 4, 6)",0.0
781,"(4, 4, 6)",0.0
782,"(5, 4, 6)",0.0
783,"(6, 4, 6)",0.0
784,"(7, 4, 6)",0.0
785,"(8, 4, 6)",0.0
786,"(9, 4, 6)",0.0
787,"(10, 4, 6)",0.0
788,"(11, 4, 6)",0.0
789,"(12, 4, 6)",0.0
790,"(13, 4, 6)",0.0
791,"(14, 4, 6)",0.0
792,"(15, 4, 6)",0.0
793,"(16, 4, 6)",0.0
794,"(17, 4, 6)",0.0
795,"(18, 4, 6)",0.0
796,"(19, 4, 6)",0.0
797,"(20, 4, 6)",0.0
798,"(0, 4, 7)",0.0
799,"(1, 4, 7)",0.0
800,"(2, 4, 7)",0.0
801,"(3, 4, 7)",0.0
802,"(4, 4, 7)",0.0
803,"(5, 4, 7)",0.0
804,"(6, 4, 7)",0.0
805,"(7, 4, 7)",0.0
806,"(8, 4, 7)",0.0
807,"(9, 4, 7)",0.0
808,"(10, 4, 7)",0.0
809,"(11, 4, 7)",0.0
810,"(12, 4, 7)",0.0
811,"(13, 4, 7)",0.0
812,"(14, 4, 7)",0.0
813,"(15, 4, 7)",0.0
814,"(16, 4, 7)",0.0
815,"(17, 4, 7)",0.0
816,"(18, 4, 7)",0.0
817,"(19, 4, 7)",0.0
818,"(20, 4, 7)",0.0
819,"(0, 4, 8)",0.0
820,"(1, 4, 8)",0.0
821,"(2, 4, 8)",0.0
822,"(3, 4, 8)",0.0
823,"(4, 4, 8)",0.0
824,"(5, 4, 8)",0.0
825,"(6, 4, 8)",0.0
826,"(7, 4, 8)",0.0
827,"(8, 4, 8)",0.0
828,"(9, 4, 8)",0.0
829,"(10, 4, 8)",0.0
830,"(11, 4, 8)",0.0
831,"(12, 4, 8)",0.0
832,"(13, 4, 8)",0.0
833,"(14, 4, 8)",0.0
834,"(15, 4, 8)",0.0
835,"(16, 4, 8)",0.0
836,"(17, 4, 8)",0.0
837,"(18, 4, 8)",0.0
838,"(19, 4, 8)",0.0
839,"(20, 4, 8)",0.0
840,"(0, 5, 1)",0.0
841,"(1, 5, 1)",0.0
842,"(2, 5, 1)",0.0
843,"(3, 5, 1)",1.0
844,"(4, 5, 1)",0.0
845,"(5, 5, 1)",0.0
846,"(6, 5, 1)",0.0
847,"(7, 5, 1)",0.0
848,"(8, 5, 1)",0.0
849,"(9, 5, 1)",0.0
850,"(10, 5, 1)",0.0
851,"(11, 5, 1)",0.0
852,"(12, 5, 1)",0.0
853,"(13, 5, 1)",0.0
854,"(14, 5, 1)",0.0
855,"(15, 5, 1)",0.0
856,"(16, 5, 1)",0.0
857,"(17, 5, 1)",0.0
858,"(18, 5, 1)",0.0
859,"(19, 5, 1)",0.0
860,"(20, 5, 1)",0.0
861,"(0, 5, 2)",0.0
862,"(1, 5, 2)",0.0
863,"(2, 5, 2)",0.0
864,"(3, 5, 2)",0.0
865,"(4, 5, 2)",0.0
866,"(5, 5, 2)",0.0
867,"(6, 5, 2)",0.0
868,"(7, 5, 2)",0.0
869,"(8, 5, 2)",0.0
870,"(9, 5, 2)",0.0
871,"(10, 5, 2)",0.0
872,"(11, 5, 2)",0.0
873,"(12, 5, 2)",0.0
874,"(13, 5, 2)",0.0
875,"(14, 5, 2)",0.0
876,"(15, 5, 2)",0.0
877,"(16, 5, 2)",0.0
878,"(17, 5, 2)",0.0
879,"(18, 5, 2)",0.0
880,"(19, 5, 2)",0.0
881,"(20, 5, 2)",0.0
882,"(0, 5, 3)",0.0
883,"(1, 5, 3)",0.0
884,"(2, 5, 3)",0.0
885,"(3, 5, 3)",0.0
886,"(4, 5, 3)",0.0
887,"(5, 5, 3)",0.0
888,"(6, 5, 3)",0.0
889,"(7, 5, 3)",0.0
890,"(8, 5, 3)",0.0
891,"(9, 5, 3)",0.0
892,"(10, 5, 3)",0.0
893,"(11, 5, 3)",0.0
894,"(12, 5, 3)",0.0
895,"(13, 5, 3)",0.0
896,"(14, 5, 3)",0.0
897,"(15, 5, 3)",0.0
898,"(16, 5, 3)",0.0
899,"(17, 5, 3)",0.0
900,"(18, 5, 3)",0.0
901,"(19, 5, 3)",0.0
902,"(20, 5, 3)",0.0
903,"(0, 5, 4)",0.0
904,"(1, 5, 4)",0.0
905,"(2, 5, 4)",0.0
906,"(3, 5, 4)",0.0
907,"(4, 5, 4)",0.0
908,"(5, 5, 4)",0.0
909,"(6, 5, 4)",0.0
910,"(7, 5, 4)",0.0
911,"(8, 5, 4)",0.0
912,"(9, 5, 4)",0.0
913,"(10, 5, 4)",0.0
914,"(11, 5, 4)",0.0
915,"(12, 5, 4)",0.0
916,"(13, 5, 4)",0.0
917,"(14, 5, 4)",0.0
918,"(15, 5, 4)",0.0
919,"(16, 5, 4)",0.0
920,"(17, 5, 4)",0.0
921,"(18, 5, 4)",0.0
922,"(19, 5, 4)",0.0
923,"(20, 5, 4)",0.0
924,"(0, 5, 5)",0.0
925,"(1, 5, 5)",0.0
926,"(2, 5, 5)",0.0
927,"(3, 5, 5)",0.0
928,"(4, 5, 5)",0.0
929,"(5, 5, 5)",0.0
930,"(6, 5, 5)",0.0
931,"(7, 5, 5)",0.0
932,"(8, 5, 5)",0.0
933,"(9, 5, 5)",0.0
934,"(10, 5, 5)",0.0
935,"(11, 5, 5)",0.0
936,"(12, 5, 5)",0.0
937,"(13, 5, 5)",0.0
938,"(14, 5, 5)",0.0
939,"(15, 5, 5)",0.0
940,"(16, 5, 5)",0.0
941,"(17, 5, 5)",0.0
942,"(18, 5, 5)",0.0
943,"(19, 5, 5)",0.0
944,"(20, 5, 5)",0.0
945,"(0, 5, 6)",0.0
946,"(1, 5, 6)",0.0
947,"(2, 5, 6)",0.0
948,"(3, 5, 6)",0.0
949,"(4, 5, 6)",0.0
950,"(5, 5, 6)",0.0
951,"(6, 5, 6)",0.0
952,"(7, 5, 6)",0.0
953,"(8, 5, 6)",0.0
954,"(9, 5, 6)",0.0
955,"(10, 5, 6)",0.0
956,"(11, 5, 6)",0.0
957,"(12, 5, 6)",0.0
958,"(13, 5, 6)",0.0
959,"(14, 5, 6)",0.0
960,"(15, 5, 6)",0.0
961,"(16, 5, 6)",0.0
962,"(17, 5, 6)",0.0
963,"(18, 5, 6)",0.0
964,"(19, 5, 6)",0.0
965,"(20, 5, 6)",0.0
966,"(0, 5, 7)",0.0
967,"(1, 5, 7)",0.0
968,"(2, 5, 7)",0.0
969,"(3, 5, 7)",0.0
970,"(4, 5, 7)",0.0
971,"(5, 5, 7)",0.0
972,"(6, 5, 7)",0.0
973,"(7, 5, 7)",0.0
974,"(8, 5, 7)",0.0
975,"(9, 5, 7)",0.0
976,"(10, 5, 7)",0.0
977,"(11, 5, 7)",0.0
978,"(12, 5, 7)",0.0
979,"(13, 5, 7)",0.0
980,"(14, 5, 7)",0.0
981,"(15, 5, 7)",0.0
982,"(16, 5, 7)",0.0
983,"(17, 5, 7)",0.0
984,"(18, 5, 7)",0.0
985,"(19, 5, 7)",0.0
986,"(20, 5, 7)",0.0
987,"(0, 5, 8)",0.0
988,"(1, 5, 8)",0.0
989,"(2, 5, 8)",0.0
990,"(3, 5, 8)",0.0
991,"(4, 5, 8)",0.0
992,"(5, 5, 8)",0.0
993,"(6, 5, 8)",0.0
994,"(7, 5, 8)",0.0
995,"(8, 5, 8)",0.0
996,"(9, 5, 8)",0.0
997,"(10, 5, 8)",0.0
998,"(11, 5, 8)",0.0
999,"(12, 5, 8)",0.0
1000,"(13, 5, 8)",0.0
1001,"(14, 5, 8)",0.0
1002,"(15, 5, 8)",0.0
1003,"(16, 5, 8)",0.0
1004,"(17, 5, 8)",0.0
1005,"(18, 5, 8)",0.0
1006,"(19, 5, 8)",0.0
1007,"(20, 5, 8)",0.0
1008,"(0, 6, 1)",0.0
1009,"(1, 6, 1)",0.0
1010,"(2, 6, 1)",0.0
1011,"(3, 6, 1)",0.0
1012,"(4, 6, 1)",0.0
1013,"(5, 6, 1)",0.0
1014,"(6, 6, 1)",0.0
1015,"(7, 6, 1)",0.0
1016,"(8, 6, 1)",0.0
1017,"(9, 6, 1)",0.0
1018,"(10, 6, 1)",1.0
1019,"(11, 6, 1)",0.0
1020,"(12, 6, 1)",0.0
1021,"(13, 6, 1)",0.0
1022,"(14, 6, 1)",0.0
1023,"(15, 6, 1)",0.0
1024,"(16, 6, 1)",0.0
1025,"(17, 6, 1)",0.0
1026,"(18, 6, 1)",0.0
1027,"(19, 6, 1)",0.0
1028,"(20, 6, 1)",0.0
1029,"(0, 6, 2)",0.0
1030,"(1, 6, 2)",0.0
1031,"(2, 6, 2)",0.0
1032,"(3, 6, 2)",0.0
1033,"(4, 6, 2)",0.0
1034,"(5, 6, 2)",0.0
1035,"(6, 6, 2)",0.0
1036,"(7, 6, 2)",0.0
1037,"(8, 6, 2)",0.0
1038,"(9, 6, 2)",0.0
1039,"(10, 6, 2)",0.0
1040,"(11, 6, 2)",0.0
1041,"(12, 6, 2)",0.0
1042,"(13, 6, 2)",0.0
1043,"(14, 6, 2)",0.0
1044,"(15, 6, 2)",0.0
1045,"(16, 6, 2)",0.0
1046,"(17, 6, 2)",0.0
1047,"(18, 6, 2)",0.0
1048,"(19, 6, 2)",0.0
1049,"(20, 6, 2)",0.0
1050,"(0, 6, 3)",0.0
1051,"(1, 6, 3)",0.0
1052,"(2, 6, 3)",0.0
1053,"(3, 6, 3)",0.0
1054,"(4, 6, 3)",0.0
1055,"(5, 6, 3)",0.0
1056,"(6, 6, 3)",0.0
1057,"(7, 6, 3)",0.0
1058,"(8, 6, 3)",0.0
1059,"(9, 6, 3)",0.0
1060,"(10, 6, 3)",0.0
1061,"(11, 6, 3)",0.0
1062,"(12, 6, 3)",0.0
1063,"(13, 6, 3)",0.0
1064,"(14, 6, 3)",0.0
1065,"(15, 6, 3)",0.0
1066,"(16, 6, 3)",0.0
1067,"(17, 6, 3)",0.0
1068,"(18, 6, 3)",0.0
1069,"(19, 6, 3)",0.0
1070,"(20, 6, 3)",0.0
1071,"(0, 6, 4)",0.0
1072,"(1, 6, 4)",0.0
1073,"(2, 6, 4)",0.0
1074,"(3, 6, 4)",0.0
1075,"(4, 6, 4)",0.0
1076,"(5, 6, 4)",0.0
1077,"(6, 6, 4)",0.0
1078,"(7, 6, 4)",0.0
1079,"(8, 6, 4)",0.0
1080,"(9, 6, 4)",0.0
1081,"(10, 6, 4)",0.0
1082,"(11, 6, 4)",0.0
1083,"(12, 6, 4)",0.0
1084,"(13, 6, 4)",0.0
1085,"(14, 6, 4)",0.0
1086,"(15, 6, 4)",0.0
1087,"(16, 6, 4)",0.0
1088,"(17, 6, 4)",0.0
1089,"(18, 6, 4)",0.0
1090,"(19, 6, 4)",0.0
1091,"(20, 6, 4)",0.0
1092,"(0, 6, 5)",0.0
1093,"(1, 6, 5)",0.0
1094,"(2, 6, 5)",0.0
1095,"(3, 6, 5)",0.0
1096,"(4, 6, 5)",0.0
1097,"(5, 6, 5)",0.0
1098,"(6, 6, 5)",0.0
1099,"(7, 6, 5)",0.0
1100,"(8, 6, 5)",0.0
1101,"(9, 6, 5)",0.0
1102,"(10, 6, 5)",0.0
1103,"(11, 6, 5)",0.0
1104,"(12, 6, 5)",0.0
1105,"(13, 6, 5)",0.0
1106,"(14, 6, 5)",0.0
1107,"(15, 6, 5)",0.0
1108,"(16, 6, 5)",0.0
1109,"(17, 6, 5)",0.0
1110,"(18, 6, 5)",0.0
1111,"(19, 6, 5)",0.0
1112,"(20, 6, 5)",0.0
1113,"(0, 6, 6)",0.0
1114,"(1, 6, 6)",0.0
1115,"(2, 6, 6)",0.0
1116,"(3, 6, 6)",0.0
1117,"(4, 6, 6)",0.0
1118,"(5, 6, 6)",0.0
1119,"(6, 6, 6)",0.0
1120,"(7, 6, 6)",0.0
1121,"(8, 6, 6)",0.0
1122,"(9, 6, 6)",0.0
1123,"(10, 6, 6)",0.0
1124,"(11, 6, 6)",0.0
1125,"(12, 6, 6)",0.0
1126,"(13, 6, 6)",0.0
1127,"(14, 6, 6)",0.0
1128,"(15, 6, 6)",0.0
1129,"(16, 6, 6)",0.0
1130,"(17, 6, 6)",0.0
1131,"(18, 6, 6)",0.0
1132,"(19, 6, 6)",0.0
1133,"(20, 6, 6)",0.0
1134,"(0, 6, 7)",0.0
1135,"(1, 6, 7)",0.0
1136,"(2, 6, 7)",0.0
1137,"(3, 6, 7)",0.0
1138,"(4, 6, 7)",0.0
1139,"(5, 6, 7)",0.0
1140,"(6, 6, 7)",0.0
1141,"(7, 6, 7)",0.0
1142,"(8, 6, 7)",0.0
1143,"(9, 6, 7)",0.0
1144,"(10, 6, 7)",0.0
1145,"(11, 6, 7)",0.0
1146,"(12, 6, 7)",0.0
1147,"(13, 6, 7)",0.0
1148,"(14, 6, 7)",0.0
1149,"(15, 6, 7)",0.0
1150,"(16, 6, 7)",0.0
1151,"(17, 6, 7)",0.0
1152,"(18, 6, 7)",0.0
1153,"(19, 6, 7)",0.0
1154,"(20, 6, 7)",0.0
1155,"(0, 6, 8)",0.0
1156,"(1, 6, 8)",0.0
1157,"(2, 6, 8)",0.0
1158,"(3, 6, 8)",0.0
1159,"(4, 6, 8)",0.0
1160,"(5, 6, 8)",0.0
1161,"(6, 6, 8)",0.0
1162,"(7, 6, 8)",0.0
1163,"(8, 6, 8)",0.0
1164,"(9, 6, 8)",0.0
1165,"(10, 6, 8)",0.0
1166,"(11, 6, 8)",0.0
1167,"(12, 6, 8)",0.0
1168,"(13, 6, 8)",0.0
1169,"(14, 6, 8)",0.0
1170,"(15, 6, 8)",0.0
1171,"(16, 6, 8)",0.0
1172,"(17, 6, 8)",0.0
1173,"(18, 6, 8)",0.0
1174,"(19, 6, 8)",0.0
1175,"(20, 6, 8)",0.0
1176,"(0, 7, 1)",0.0
1177,"(1, 7, 1)",0.0
1178,"(2, 7, 1)",0.0
1179,"(3, 7, 1)",0.0
1180,"(4, 7, 1)",0.0
1181,"(5, 7, 1)",0.0
1182,"(6, 7, 1)",0.0
1183,"(7, 7, 1)",2.0
1184,"(8, 7, 1)",0.0
1185,"(9, 7, 1)",0.0
1186,"(10, 7, 1)",0.0
1187,"(11, 7, 1)",0.0
1188,"(12, 7, 1)",0.0
1189,"(13, 7, 1)",0.0
1190,"(14, 7, 1)",0.0
1191,"(15, 7, 1)",0.0
1192,"(16, 7, 1)",0.0
1193,"(17, 7, 1)",0.0
1194,"(18, 7, 1)",0.0
1195,"(19, 7, 1)",0.0
1196,"(20, 7, 1)",0.0
1197,"(0, 7, 2)",0.0
1198,"(1, 7, 2)",0.0
1199,"(2, 7, 2)",0.0
1200,"(3, 7, 2)",0.0
1201,"(4, 7, 2)",0.0
1202,"(5, 7, 2)",0.0
1203,"(6, 7, 2)",0.0
1204,"(7, 7, 2)",0.0
1205,"(8, 7, 2)",0.0
1206,"(9, 7, 2)",0.0
1207,"(10, 7, 2)",0.0
1208,"(11, 7, 2)",0.0
1209,"(12, 7, 2)",0.0
1210,"(13, 7, 2)",0.0
1211,"(14, 7, 2)",0.0
1212,"(15, 7, 2)",0.0
1213,"(16, 7, 2)",0.0
1214,"(17, 7, 2)",0.0
1215,"(18, 7, 2)",0.0
1216,"(19, 7, 2)",0.0
1217,"(20, 7, 2)",0.0
1218,"(0, 7, 3)",0.0
1219,"(1, 7, 3)",0.0
1220,"(2, 7, 3)",0.0
1221,"(3, 7, 3)",0.0
1222,"(4, 7, 3)",0.0
1223,"(5, 7, 3)",0.0
1224,"(6, 7, 3)",0.0
1225,"(7, 7, 3)",0.0
1226,"(8, 7, 3)",0.0
1227,"(9, 7, 3)",0.0
1228,"(10, 7, 3)",0.0
1229,"(11, 7, 3)",0.0
1230,"(12, 7, 3)",0.0
1231,"(13, 7, 3)",0.0
1232,"(14, 7, 3)",0.0
1233,"(15, 7, 3)",0.0
1234,"(16, 7, 3)",0.0
1235,"(17, 7, 3)",0.0
1236,"(18, 7, 3)",0.0
1237,"(19, 7, 3)",0.0
1238,"(20, 7, 3)",0.0
1239,"(0, 7, 4)",0.0
1240,"(1, 7, 4)",0.0
1241,"(2, 7, 4)",0.0
1242,"(3, 7, 4)",0.0
1243,"(4, 7, 4)",0.0
1244,"(5, 7, 4)",0.0
1245,"(6, 7, 4)",0.0
1246,"(7, 7, 4)",0.0
1247,"(8, 7, 4)",0.0
1248,"(9, 7, 4)",0.0
1249,"(10, 7, 4)",0.0
1250,"(11, 7, 4)",0.0
1251,"(12, 7, 4)",0.0
1252,"(13, 7, 4)",0.0
1253,"(14, 7, 4)",0.0
1254,"(15, 7, 4)",0.0
1255,"(16, 7, 4)",0.0
1256,"(17, 7, 4)",0.0
1257,"(18, 7, 4)",0.0
1258,"(19, 7, 4)",0.0
1259,"(20, 7, 4)",0.0
1260,"(0, 7, 5)",0.0
1261,"(1, 7, 5)",0.0
1262,"(2, 7, 5)",0.0
1263,"(3, 7, 5)",0.0
1264,"(4, 7, 5)",0.0
1265,"(5, 7, 5)",0.0
1266,"(6, 7, 5)",0.0
1267,"(7, 7, 5)",0.0
1268,"(8, 7, 5)",0.0
1269,"(9, 7, 5)",0.0
1270,"(10, 7, 5)",0.0
1271,"(11, 7, 5)",0.0
1272,"(12, 7, 5)",0.0
1273,"(13, 7, 5)",0.0
1274,"(14, 7, 5)",0.0
1275,"(15, 7, 5)",0.0
1276,"(16, 7, 5)",0.0
1277,"(17, 7, 5)",0.0
1278,"(18, 7, 5)",0.0
1279,"(19, 7, 5)",0.0
1280,"(20, 7, 5)",0.0
1281,"(0, 7, 6)",0.0
1282,"(1, 7, 6)",0.0
1283,"(2, 7, 6)",0.0
1284,"(3, 7, 6)",0.0
1285,"(4, 7, 6)",0.0
1286,"(5, 7, 6)",0.0
1287,"(6, 7, 6)",0.0
1288,"(7, 7, 6)",0.0
1289,"(8, 7, 6)",0.0
1290,"(9, 7, 6)",0.0
1291,"(10, 7, 6)",0.0
1292,"(11, 7, 6)",0.0
1293,"(12, 7, 6)",0.0
1294,"(13, 7, 6)",0.0
1295,"(14, 7, 6)",0.0
1296,"(15, 7, 6)",0.0
1297,"(16, 7, 6)",0.0
1298,"(17, 7, 6)",0.0
1299,"(18, 7, 6)",0.0
1300,"(19, 7, 6)",0.0
1301,"(20, 7, 6)",0.0
1302,"(0, 7, 7)",0.0
1303,"(1, 7, 7)",0.0
1304,"(2, 7, 7)",0.0
1305,"(3, 7, 7)",0.0
1306,"(4, 7, 7)",0.0
1307,"(5, 7, 7)",0.0
1308,"(6, 7, 7)",0.0
1309,"(7, 7, 7)",0.0
1310,"(8, 7, 7)",0.0
1311,"(9, 7, 7)",0.0
1312,"(10, 7, 7)",0.0
1313,"(11, 7, 7)",0.0
1314,"(12, 7, 7)",0.0
1315,"(13, 7, 7)",0.0
1316,"(14, 7, 7)",0.0
1317,"(15, 7, 7)",0.0
1318,"(16, 7, 7)",0.0
1319,"(17, 7, 7)",0.0
1320,"(18, 7, 7)",0.0
1321,"(19, 7, 7)",0.0
1322,"(20, 7, 7)",0.0
1323,"(0, 7, 8)",0.0
1324,"(1, 7, 8)",0.0
1325,"(2, 7, 8)",0.0
1326,"(3, 7, 8)",0.0
1327,"(4, 7, 8)",0.0
1328,"(5, 7, 8)",0.0
1329,"(6, 7, 8)",0.0
1330,"(7, 7, 8)",0.0
1331,"(8, 7, 8)",0.0
1332,"(9, 7, 8)",0.0
1333,"(10, 7, 8)",0.0
1334,"(11, 7, 8)",0.0
1335,"(12, 7, 8)",0.0
1336,"(13, 7, 8)",0.0
1337,"(14, 7, 8)",0.0
1338,"(15, 7, 8)",0.0
1339,"(16, 7, 8)",0.0
1340,"(17, 7, 8)",0.0
1341,"(18, 7, 8)",0.0
1342,"(19, 7, 8)",0.0
1343,"(20, 7, 8)",0.0
1344,"(0, 8, 1)",0.0
1345,"(1, 8, 1)",0.0
1346,"(2, 8, 1)",0.0
1347,"(3, 8, 1)",0.0
1348,"(4, 8, 1)",0.0
1349,"(5, 8, 1)",0.0
1350,"(6, 8, 1)",0.0
1351,"(7, 8, 1)",0.0
1352,"(8, 8, 1)",0.0
1353,"(9, 8, 1)",0.0
1354,"(10, 8, 1)",0.0
1355,"(11, 8, 1)",0.0
1356,"(12, 8, 1)",0.0
1357,"(13, 8, 1)",0.0
1358,"(14, 8, 1)",0.0
1359,"(15, 8, 1)",0.0
1360,"(16, 8, 1)",0.0
1361,"(17, 8, 1)",0.0
1362,"(18, 8, 1)",0.0
1363,"(19, 8, 1)",0.0
1364,"(20, 8, 1)",0.0
1365,"(0, 8, 2)",0.0
1366,"(1, 8, 2)",0.0
1367,"(2, 8, 2)",0.0
1368,"(3, 8, 2)",0.0
1369,"(4, 8, 2)",0.0
1370,"(5, 8, 2)",0.0
1371,"(6, 8, 2)",0.0
1372,"(7, 8, 2)",0.0
1373,"(8, 8, 2)",0.0
1374,"(9, 8, 2)",0.0
1375,"(10, 8, 2)",0.0
1376,"(11, 8, 2)",0.0
1377,"(12, 8, 2)",0.0
1378,"(13, 8, 2)",0.0
1379,"(14, 8, 2)",0.0
1380,"(15, 8, 2)",0.0
1381,"(16, 8, 2)",0.0
1382,"(17, 8, 2)",0.0
1383,"(18, 8, 2)",0.0
1384,"(19, 8, 2)",0.0
1385,"(20, 8, 2)",0.0
1386,"(0, 8, 3)",0.0
1387,"(1, 8, 3)",0.0
1388,"(2, 8, 3)",0.0
1389,"(3, 8, 3)",0.0
1390,"(4, 8, 3)",0.0
1391,"(5, 8, 3)",0.0
1392,"(6, 8, 3)",0.0
1393,"(7, 8, 3)",0.0
1394,"(8, 8, 3)",0.0
1395,"(9, 8, 3)",0.0
1396,"(10, 8, 3)",0.0
1397,"(11, 8, 3)",0.0
1398,"(12, 8, 3)",0.0
1399,"(13, 8, 3)",0.0
1400,"(14, 8, 3)",0.0
1401,"(15, 8, 3)",0.0
1402,"(16, 8, 3)",0.0
1403,"(17, 8, 3)",0.0
1404,"(18, 8, 3)",0.0
1405,"(19, 8, 3)",0.0
1406,"(20, 8, 3)",0.0
1407,"(0, 8, 4)",0.0
1408,"(1, 8, 4)",0.0
1409,"(2, 8, 4)",0.0
1410,"(3, 8, 4)",0.0
1411,"(4, 8, 4)",0.0
1412,"(5, 8, 4)",0.0
1413,"(6, 8, 4)",0.0
1414,"(7, 8, 4)",0.0
1415,"(8, 8, 4)",0.0
1416,"(9, 8, 4)",0.0
1417,"(10, 8, 4)",0.0
1418,"(11, 8, 4)",0.0
1419,"(12, 8, 4)",0.0
1420,"(13, 8, 4)",0.0
1421,"(14, 8, 4)",0.0
1422,"(15, 8, 4)",0.0
1423,"(16, 8, 4)",0.0
1424,"(17, 8, 4)",0.0
1425,"(18, 8, 4)",0.0
1426,"(19, 8, 4)",0.0
1427,"(20, 8, 4)",0.0
1428,"(0, 8, 5)",0.0
1429,"(1, 8, 5)",0.0
1430,"(2, 8, 5)",0.0
1431,"(3, 8, 5)",0.0
1432,"(4, 8, 5)",0.0
1433,"(5, 8, 5)",0.0
1434,"(6, 8, 5)",0.0
1435,"(7, 8, 5)",0.0
1436,"(8, 8, 5)",0.0
1437,"(9, 8, 5)",0.0
1438,"(10, 8, 5)",0.0
1439,"(11, 8, 5)",0.0
1440,"(12, 8, 5)",0.0
1441,"(13, 8, 5)",0.0
1442,"(14, 8, 5)",0.0
1443,"(15, 8, 5)",0.0
1444,"(16, 8, 5)",0.0
1445,"(17, 8, 5)",0.0
1446,"(18, 8, 5)",0.0
1447,"(19, 8, 5)",0.0
1448,"(20, 8, 5)",0.0
1449,"(0, 8, 6)",0.0
1450,"(1, 8, 6)",0.0
1451,"(2, 8, 6)",0.0
1452,"(3, 8, 6)",0.0
1453,"(4, 8, 6)",0.0
1454,"(5, 8, 6)",0.0
1455,"(6, 8, 6)",0.0
1456,"(7, 8, 6)",0.0
1457,"(8, 8, 6)",0.0
1458,"(9, 8, 6)",0.0
1459,"(10, 8, 6)",0.0
1460,"(11, 8, 6)",0.0
1461,"(12, 8, 6)",0.0
1462,"(13, 8, 6)",0.0
1463,"(14, 8, 6)",0.0
1464,"(15, 8, 6)",0.0
1465,"(16, 8, 6)",0.0
1466,"(17, 8, 6)",0.0
1467,"(18, 8, 6)",0.0
1468,"(19, 8, 6)",0.0
1469,"(20, 8, 6)",0.0
1470,"(0, 8, 7)",0.0
1471,"(1, 8, 7)",0.0
1472,"(2, 8, 7)",0.0
1473,"(3, 8, 7)",0.0
1474,"(4, 8, 7)",0.0
1475,"(5, 8, 7)",0.0
1476,"(6, 8, 7)",0.0
1477,"(7, 8, 7)",0.0
1478,"(8, 8, 7)",0.0
1479,"(9, 8, 7)",0.0
1480,"(10, 8, 7)",0.0
1481,"(11, 8, 7)",0.0
1482,"(12, 8, 7)",0.0
1483,"(13, 8, 7)",0.0
1484,"(14, 8, 7)",0.0
1485,"(15, 8, 7)",0.0
1486,"(16, 8, 7)",0.0
1487,"(17, 8, 7)",0.0
1488,"(18, 8, 7)",0.0
1489,"(19, 8, 7)",0.0
1490,"(20, 8, 7)",0.0
1491,"(0, 8, 8)",0.0
1492,"(1, 8, 8)",0.0
1493,"(2, 8, 8)",0.0
1494,"(3, 8, 8)",0.0
1495,"(4, 8, 8)",0.0
1496,"(5, 8, 8)",0.0
1497,"(6, 8, 8)",0.0
1498,"(7, 8, 8)",0.0
1499,"(8, 8, 8)",0.0
1500,"(9, 8, 8)",0.0
1501,"(10, 8, 8)",0.0
1502,"(11, 8, 8)",0.0
1503,"(12, 8, 8)",0.0
1504,"(13, 8, 8)",0.0
1505,"(14, 8, 8)",0.0
1506,"(15, 8, 8)",0.0
1507,"(16, 8, 8)",0.0
1508,"(17, 8, 8)",0.0
1509,"(18, 8, 8)",0.0
1510,"(19, 8, 8)",0.0
1511,"(20, 8, 8)",0.0
1512,"(0, 9, 1)",0.0
1513,"(1, 9, 1)",0.0
1514,"(2, 9, 1)",0.0
1515,"(3, 9, 1)",0.0
1516,"(4, 9, 1)",0.0
1517,"(5, 9, 1)",0.0
1518,"(6, 9, 1)",0.0
1519,"(7, 9, 1)",0.0
1520,"(8, 9, 1)",0.0
1521,"(9, 9, 1)",0.0
1522,"(10, 9, 1)",0.0
1523,"(11, 9, 1)",0.0
1524,"(12, 9, 1)",0.0
1525,"(13, 9, 1)",0.0
1526,"(14, 9, 1)",0.0
1527,"(15, 9, 1)",0.0
1528,"(16, 9, 1)",0.0
1529,"(17, 9, 1)",0.0
1530,"(18, 9, 1)",0.0
1531,"(19, 9, 1)",0.0
1532,"(20, 9, 1)",0.0
1533,"(0, 9, 2)",0.0
1534,"(1, 9, 2)",0.0
1535,"(2, 9, 2)",0.0
1536,"(3, 9, 2)",0.0
1537,"(4, 9, 2)",0.0
1538,"(5, 9, 2)",0.0
1539,"(6, 9, 2)",0.0
1540,"(7, 9, 2)",0.0
1541,"(8, 9, 2)",0.0
1542,"(9, 9, 2)",0.0
1543,"(10, 9, 2)",0.0
1544,"(11, 9, 2)",0.0
1545,"(12, 9, 2)",0.0
1546,"(13, 9, 2)",0.0
1547,"(14, 9, 2)",0.0
1548,"(15, 9, 2)",0.0
1549,"(16, 9, 2)",0.0
1550,"(17, 9, 2)",0.0
1551,"(18, 9, 2)",0.0
1552,"(19, 9, 2)",0.0
1553,"(20, 9, 2)",0.0
1554,"(0, 9, 3)",0.0
1555,"(1, 9, 3)",0.0
1556,"(2, 9, 3)",0.0
1557,"(3, 9, 3)",0.0
1558,"(4, 9, 3)",0.0
1559,"(5, 9, 3)",0.0
1560,"(6, 9, 3)",0.0
1561,"(7, 9, 3)",0.0
1562,"(8, 9, 3)",0.0
1563,"(9, 9, 3)",0.0
1564,"(10, 9, 3)",0.0
1565,"(11, 9, 3)",0.0
1566,"(12, 9, 3)",0.0
1567,"(13, 9, 3)",0.0
1568,"(14, 9, 3)",0.0
1569,"(15, 9, 3)",0.0
1570,"(16, 9, 3)",0.0
1571,"(17, 9, 3)",0.0
1572,"(18, 9, 3)",0.0
1573,"(19, 9, 3)",0.0
1574,"(20, 9, 3)",0.0
1575,"(0, 9, 4)",0.0
1576,"(1, 9, 4)",0.0
1577,"(2, 9, 4)",0.0
1578,"(3, 9, 4)",0.0
1579,"(4, 9, 4)",0.0
1580,"(5, 9, 4)",0.0
1581,"(6, 9, 4)",0.0
1582,"(7, 9, 4)",0.0
1583,"(8, 9, 4)",0.0
1584,"(9, 9, 4)",0.0
1585,"(10, 9, 4)",0.0
1586,"(11, 9, 4)",0.0
1587,"(12, 9, 4)",0.0
1588,"(13, 9, 4)",0.0
1589,"(14, 9, 4)",0.0
1590,"(15, 9, 4)",0.0
1591,"(16, 9, 4)",0.0
1592,"(17, 9, 4)",0.0
1593,"(18, 9, 4)",0.0
1594,"(19, 9, 4)",0.0
1595,"(20, 9, 4)",0.0
1596,"(0, 9, 5)",0.0
1597,"(1, 9, 5)",0.0
1598,"(2, 9, 5)",0.0
1599,"(3, 9, 5)",0.0
1600,"(4, 9, 5)",0.0
1601,"(5, 9, 5)",0.0
1602,"(6, 9, 5)",0.0
1603,"(7, 9, 5)",0.0
1604,"(8, 9, 5)",0.0
1605,"(9, 9, 5)",0.0
1606,"(10, 9, 5)",0.0
1607,"(11, 9, 5)",0.0
1608,"(12, 9, 5)",0.0
1609,"(13, 9, 5)",0.0
1610,"(14, 9, 5)",0.0
1611,"(15, 9, 5)",0.0
1612,"(16, 9, 5)",0.0
1613,"(17, 9, 5)",0.0
1614,"(18, 9, 5)",0.0
1615,"(19, 9, 5)",0.0
1616,"(20, 9, 5)",0.0
1617,"(0, 9, 6)",0.0
1618,"(1, 9, 6)",0.0
1619,"(2, 9, 6)",0.0
1620,"(3, 9, 6)",0.0
1621,"(4, 9, 6)",0.0
1622,"(5, 9, 6)",0.0
1623,"(6, 9, 6)",0.0
1624,"(7, 9, 6)",0.0
1625,"(8, 9, 6)",0.0
1626,"(9, 9, 6)",0.0
1627,"(10, 9, 6)",0.0
1628,"(11, 9, 6)",0.0
1629,"(12, 9, 6)",0.0
1630,"(13, 9, 6)",0.0
1631,"(14, 9, 6)",0.0
1632,"(15, 9, 6)",0.0
1633,"(16, 9, 6)",0.0
1634,"(17, 9, 6)",0.0
1635,"(18, 9, 6)",0.0
1636,"(19, 9, 6)",0.0
1637,"(20, 9, 6)",0.0
1638,"(0, 9, 7)",0.0
1639,"(1, 9, 7)",0.0
1640,"(2, 9, 7)",0.0
1641,"(3, 9, 7)",0.0
1642,"(4, 9, 7)",0.0
1643,"(5, 9, 7)",0.0
1644,"(6, 9, 7)",0.0
1645,"(7, 9, 7)",0.0
1646,"(8, 9, 7)",0.0
1647,"(9, 9, 7)",0.0
1648,"(10, 9, 7)",0.0
1649,"(11, 9, 7)",0.0
1650,"(12, 9, 7)",0.0
1651,"(13, 9, 7)",0.0
1652,"(14, 9, 7)",0.0
1653,"(15, 9, 7)",0.0
1654,"(16, 9, 7)",0.0
1655,"(17, 9, 7)",0.0
1656,"(18, 9, 7)",0.0
1657,"(19, 9, 7)",0.0
1658,"(20, 9, 7)",0.0
1659,"(0, 9, 8)",0.0
1660,"(1, 9, 8)",0.0
1661,"(2, 9, 8)",0.0
1662,"(3, 9, 8)",0.0
1663,"(4, 9, 8)",0.0
1664,"(5, 9, 8)",0.0
1665,"(6, 9, 8)",0.0
1666,"(7, 9, 8)",0.0
1667,"(8, 9, 8)",0.0
1668,"(9, 9, 8)",0.0
1669,"(10, 9, 8)",0.0
1670,"(11, 9, 8)",0.0
1671,"(12, 9, 8)",0.0
1672,"(13, 9, 8)",0.0
1673,"(14, 9, 8)",0.0
1674,"(15, 9, 8)",0.0
1675,"(16, 9, 8)",0.0
1676,"(17, 9, 8)",0.0
1677,"(18, 9, 8)",0.0
1678,"(19, 9, 8)",0.0
1679,"(20, 9, 8)",0.0
1680,"(0, 10, 1)",0.0
1681,"(1, 10, 1)",0.0
1682,"(2, 10, 1)",0.0
1683,"(3, 10, 1)",0.0
1684,"(4, 10, 1)",0.0
1685,"(5, 10, 1)",7.0
1686,"(6, 10, 1)",0.0
1687,"(7, 10, 1)",0.0
1688,"(8, 10, 1)",0.0
1689,"(9, 10, 1)",0.0
1690,"(10, 10, 1)",0.0
1691,"(11, 10, 1)",0.0
1692,"(12, 10, 1)",0.0
1693,"(13, 10, 1)",0.0
1694,"(14, 10, 1)",0.0
1695,"(15, 10, 1)",0.0
1696,"(16, 10, 1)",0.0
1697,"(17, 10, 1)",0.0
1698,"(18, 10, 1)",0.0
1699,"(19, 10, 1)",0.0
1700,"(20, 10, 1)",0.0
1701,"(0, 10, 2)",0.0
1702,"(1, 10, 2)",0.0
1703,"(2, 10, 2)",0.0
1704,"(3, 10, 2)",0.0
1705,"(4, 10, 2)",0.0
1706,"(5, 10, 2)",0.0
1707,"(6, 10, 2)",0.0
1708,"(7, 10, 2)",0.0
1709,"(8, 10, 2)",0.0
1710,"(9, 10, 2)",0.0
1711,"(10, 10, 2)",0.0
1712,"(11, 10, 2)",0.0
1713,"(12, 10, 2)",0.0
1714,"(13, 10, 2)",0.0
1715,"(14, 10, 2)",0.0
1716,"(15, 10, 2)",0.0
1717,"(16, 10, 2)",0.0
1718,"(17, 10, 2)",0.0
1719,"(18, 10, 2)",0.0
1720,"(19, 10, 2)",0.0
1721,"(20, 10, 2)",0.0
1722,"(0, 10, 3)",0.0
1723,"(1, 10, 3)",0.0
1724,"(2, 10, 3)",0.0
1725,"(3, 10, 3)",0.0
1726,"(4, 10, 3)",0.0
1727,"(5, 10, 3)",0.0
1728,"(6, 10, 3)",0.0
1729,"(7, 10, 3)",0.0
1730,"(8, 10, 3)",0.0
1731,"(9, 10, 3)",0.0
1732,"(10, 10, 3)",0.0
1733,"(11, 10, 3)",0.0
1734,"(12, 10, 3)",0.0
1735,"(13, 10, 3)",0.0
1736,"(14, 10, 3)",0.0
1737,"(15, 10, 3)",0.0
1738,"(16, 10, 3)",0.0
1739,"(17, 10, 3)",0.0
1740,"(18, 10, 3)",0.0
1741,"(19, 10, 3)",0.0
1742,"(20, 10, 3)",0.0
1743,"(0, 10, 4)",0.0
1744,"(1, 10, 4)",0.0
1745,"(2, 10, 4)",0.0
1746,"(3, 10, 4)",0.0
1747,"(4, 10, 4)",0.0
1748,"(5, 10, 4)",0.0
1749,"(6, 10, 4)",0.0
1750,"(7, 10, 4)",0.0
1751,"(8, 10, 4)",0.0
1752,"(9, 10, 4)",0.0
1753,"(10, 10, 4)",0.0
1754,"(11, 10, 4)",0.0
1755,"(12, 10, 4)",0.0
1756,"(13, 10, 4)",0.0
1757,"(14, 10, 4)",0.0
1758,"(15, 10, 4)",0.0
1759,"(16, 10, 4)",0.0
1760,"(17, 10, 4)",0.0
1761,"(18, 10, 4)",0.0
1762,"(19, 10, 4)",0.0
1763,"(20, 10, 4)",0.0
1764,"(0, 10, 5)",0.0
1765,"(1, 10, 5)",0.0
1766,"(2, 10, 5)",0.0
1767,"(3, 10, 5)",0.0
1768,"(4, 10, 5)",0.0
1769,"(5, 10, 5)",0.0
1770,"(6, 10, 5)",0.0
1771,"(7, 10, 5)",0.0
1772,"(8, 10, 5)",0.0
1773,"(9, 10, 5)",0.0
1774,"(10, 10, 5)",0.0
1775,"(11, 10, 5)",0.0
1776,"(12, 10, 5)",0.0
1777,"(13, 10, 5)",0.0
1778,"(14, 10, 5)",0.0
1779,"(15, 10, 5)",0.0
1780,"(16, 10, 5)",0.0
1781,"(17, 10, 5)",0.0
1782,"(18, 10, 5)",0.0
1783,"(19, 10, 5)",0.0
1784,"(20, 10, 5)",0.0
1785,"(0, 10, 6)",0.0
1786,"(1, 10, 6)",0.0
1787,"(2, 10, 6)",0.0
1788,"(3, 10, 6)",0.0
1789,"(4, 10, 6)",0.0
1790,"(5, 10, 6)",0.0
1791,"(6, 10, 6)",0.0
1792,"(7, 10, 6)",0.0
1793,"(8, 10, 6)",0.0
1794,"(9, 10, 6)",0.0
1795,"(10, 10, 6)",0.0
1796,"(11, 10, 6)",0.0
1797,"(12, 10, 6)",0.0
1798,"(13, 10, 6)",0.0
1799,"(14, 10, 6)",0.0
1800,"(15, 10, 6)",0.0
1801,"(16, 10, 6)",0.0
1802,"(17, 10, 6)",0.0
1803,"(18, 10, 6)",0.0
1804,"(19, 10, 6)",0.0
1805,"(20, 10, 6)",0.0
1806,"(0, 10, 7)",0.0
1807,"(1, 10, 7)",0.0
1808,"(2, 10, 7)",0.0
1809,"(3, 10, 7)",0.0
1810,"(4, 10, 7)",0.0
1811,"(5, 10, 7)",0.0
1812,"(6, 10, 7)",0.0
1813,"(7, 10, 7)",0.0
1814,"(8, 10, 7)",0.0
1815,"(9, 10, 7)",0.0
1816,"(10, 10, 7)",0.0
1817,"(11, 10, 7)",0.0
1818,"(12, 10, 7)",0.0
1819,"(13, 10, 7)",0.0
1820,"(14, 10, 7)",0.0
1821,"(15, 10, 7)",0.0
1822,"(16, 10, 7)",0.0
1823,"(17, 10, 7)",0.0
1824,"(18, 10, 7)",0.0
1825,"(19, 10, 7)",0.0
1826,"(20, 10, 7)",0.0
1827,"(0, 10, 8)",0.0
1828,"(1, 10, 8)",0.0
1829,"(2, 10, 8)",0.0
1830,"(3, 10, 8)",0.0
1831,"(4, 10, 8)",0.0
1832,"(5, 10, 8)",0.0
1833,"(6, 10, 8)",0.0
1834,"(7, 10, 8)",0.0
1835,"(8, 10, 8)",0.0
1836,"(9, 10, 8)",0.0
1837,"(10, 10, 8)",0.0
1838,"(11, 10, 8)",0.0
1839,"(12, 10, 8)",0.0
1840,"(13, 10, 8)",0.0
1841,"(14, 10, 8)",0.0
1842,"(15, 10, 8)",0.0
1843,"(16, 10, 8)",0.0
1844,"(17, 10, 8)",0.0
1845,"(18, 10, 8)",0.0
1846,"(19, 10, 8)",0.0
1847,"(20, 10, 8)",0.0
1848,"(0, 11, 1)",0.0
1849,"(1, 11, 1)",0.0
1850,"(2, 11, 1)",0.0
1851,"(3, 11, 1)",0.0
1852,"(4, 11, 1)",0.0
1853,"(5, 11, 1)",0.0
1854,"(6, 11, 1)",4.0
1855,"(7, 11, 1)",0.0
1856,"(8, 11, 1)",0.0
1857,"(9, 11, 1)",0.0
1858,"(10, 11, 1)",0.0
1859,"(11, 11, 1)",0.0
1860,"(12, 11, 1)",0.0
1861,"(13, 11, 1)",0.0
1862,"(14, 11, 1)",0.0
1863,"(15, 11, 1)",0.0
1864,"(16, 11, 1)",0.0
1865,"(17, 11, 1)",0.0
1866,"(18, 11, 1)",0.0
1867,"(19, 11, 1)",9.0
1868,"(20, 11, 1)",0.0
1869,"(0, 11, 2)",0.0
1870,"(1, 11, 2)",0.0
1871,"(2, 11, 2)",0.0
1872,"(3, 11, 2)",0.0
1873,"(4, 11, 2)",0.0
1874,"(5, 11, 2)",0.0
1875,"(6, 11, 2)",0.0
1876,"(7, 11, 2)",0.0
1877,"(8, 11, 2)",0.0
1878,"(9, 11, 2)",0.0
1879,"(10, 11, 2)",0.0
1880,"(11, 11, 2)",0.0
1881,"(12, 11, 2)",0.0
1882,"(13, 11, 2)",0.0
1883,"(14, 11, 2)",0.0
1884,"(15, 11, 2)",0.0
1885,"(16, 11, 2)",0.0
1886,"(17, 11, 2)",0.0
1887,"(18, 11, 2)",0.0
1888,"(19, 11, 2)",0.0
1889,"(20, 11, 2)",0.0
1890,"(0, 11, 3)",0.0
1891,"(1, 11, 3)",0.0
1892,"(2, 11, 3)",0.0
1893,"(3, 11, 3)",0.0
1894,"(4, 11, 3)",0.0
1895,"(5, 11, 3)",0.0
1896,"(6, 11, 3)",0.0
1897,"(7, 11, 3)",0.0
1898,"(8, 11, 3)",0.0
1899,"(9, 11, 3)",0.0
1900,"(10, 11, 3)",0.0
1901,"(11, 11, 3)",0.0
1902,"(12, 11, 3)",0.0
1903,"(13, 11, 3)",0.0
1904,"(14, 11, 3)",0.0
1905,"(15, 11, 3)",0.0
1906,"(16, 11, 3)",0.0
1907,"(17, 11, 3)",0.0
1908,"(18, 11, 3)",0.0
1909,"(19, 11, 3)",0.0
1910,"(20, 11, 3)",0.0
1911,"(0, 11, 4)",0.0
1912,"(1, 11, 4)",0.0
1913,"(2, 11, 4)",0.0
1914,"(3, 11, 4)",0.0
1915,"(4, 11, 4)",0.0
1916,"(5, 11, 4)",0.0
1917,"(6, 11, 4)",0.0
1918,"(7, 11, 4)",0.0
1919,"(8, 11, 4)",0.0
1920,"(9, 11, 4)",0.0
1921,"(10, 11, 4)",0.0
1922,"(11, 11, 4)",0.0
1923,"(12, 11, 4)",0.0
1924,"(13, 11, 4)",0.0
1925,"(14, 11, 4)",0.0
1926,"(15, 11, 4)",0.0
1927,"(16, 11, 4)",0.0
1928,"(17, 11, 4)",0.0
1929,"(18, 11, 4)",0.0
1930,"(19, 11, 4)",0.0
1931,"(20, 11, 4)",0.0
1932,"(0, 11, 5)",0.0
1933,"(1, 11, 5)",0.0
1934,"(2, 11, 5)",0.0
1935,"(3, 11, 5)",0.0
1936,"(4, 11, 5)",0.0
1937,"(5, 11, 5)",0.0
1938,"(6, 11, 5)",0.0
1939,"(7, 11, 5)",0.0
1940,"(8, 11, 5)",0.0
1941,"(9, 11, 5)",0.0
1942,"(10, 11, 5)",0.0
1943,"(11, 11, 5)",0.0
1944,"(12, 11, 5)",0.0
1945,"(13, 11, 5)",0.0
1946,"(14, 11, 5)",0.0
1947,"(15, 11, 5)",0.0
1948,"(16, 11, 5)",0.0
1949,"(17, 11, 5)",0.0
1950,"(18, 11, 5)",0.0
1951,"(19, 11, 5)",0.0
1952,"(20, 11, 5)",0.0
1953,"(0, 11, 6)",0.0
1954,"(1, 11, 6)",0.0
1955,"(2, 11, 6)",0.0
1956,"(3, 11, 6)",0.0
1957,"(4, 11, 6)",0.0
1958,"(5, 11, 6)",0.0
1959,"(6, 11, 6)",0.0
1960,"(7, 11, 6)",0.0
1961,"(8, 11, 6)",0.0
1962,"(9, 11, 6)",0.0
1963,"(10, 11, 6)",0.0
1964,"(11, 11, 6)",0.0
1965,"(12, 11, 6)",0.0
1966,"(13, 11, 6)",0.0
1967,"(14, 11, 6)",0.0
1968,"(15, 11, 6)",0.0
1969,"(16, 11, 6)",0.0
1970,"(17, 11, 6)",0.0
1971,"(18, 11, 6)",0.0
1972,"(19, 11, 6)",0.0
1973,"(20, 11, 6)",0.0
1974,"(0, 11, 7)",0.0
1975,"(1, 11, 7)",0.0
1976,"(2, 11, 7)",0.0
1977,"(3, 11, 7)",0.0
1978,"(4, 11, 7)",0.0
1979,"(5, 11, 7)",0.0
1980,"(6, 11, 7)",0.0
1981,"(7, 11, 7)",0.0
1982,"(8, 11, 7)",0.0
1983,"(9, 11, 7)",0.0
1984,"(10, 11, 7)",0.0
1985,"(11, 11, 7)",0.0
1986,"(12, 11, 7)",0.0
1987,"(13, 11, 7)",0.0
1988,"(14, 11, 7)",0.0
1989,"(15, 11, 7)",0.0
1990,"(16, 11, 7)",0.0
1991,"(17, 11, 7)",0.0
1992,"(18, 11, 7)",0.0
1993,"(19, 11, 7)",0.0
1994,"(20, 11, 7)",0.0
1995,"(0, 11, 8)",0.0
1996,"(1, 11, 8)",0.0
1997,"(2, 11, 8)",0.0
1998,"(3, 11, 8)",0.0
1999,"(4, 11, 8)",0.0
2000,"(5, 11, 8)",0.0
2001,"(6, 11, 8)",0.0
2002,"(7, 11, 8)",0.0
2003,"(8, 11, 8)",0.0
2004,"(9, 11, 8)",0.0
2005,"(10, 11, 8)",0.0
2006,"(11, 11, 8)",0.0
2007,"(12, 11, 8)",0.0
2008,"(13, 11, 8)",0.0
2009,"(14, 11, 8)",0.0
2010,"(15, 11, 8)",0.0
2011,"(16, 11, 8)",0.0
2012,"(17, 11, 8)",0.0
2013,"(18, 11, 8)",0.0
2014,"(19, 11, 8)",0.0
2015,"(20, 11, 8)",0.0
2016,"(0, 12, 1)",0.0
2017,"(1, 12, 1)",0.0
2018,"(2, 12, 1)",0.0
2019,"(3, 12, 1)",0.0
2020,"(4, 12, 1)",0.0
2021,"(5, 12, 1)",0.0
2022,"(6, 12, 1)",0.0
2023,"(7, 12, 1)",0.0
2024,"(8, 12, 1)",0.0
2025,"(9, 12, 1)",0.0
2026,"(10, 12, 1)",0.0
2027,"(11, 12, 1)",0.0
2028,"(12, 12, 1)",0.0
2029,"(13, 12, 1)",0.0
2030,"(14, 12, 1)",0.0
2031,"(15, 12, 1)",0.0
2032,"(16, 12, 1)",0.0
2033,"(17, 12, 1)",0.0
2034,"(18, 12, 1)",0.0
2035,"(19, 12, 1)",0.0
2036,"(20, 12, 1)",0.0
2037,"(0, 12, 2)",0.0
2038,"(1, 12, 2)",0.0
2039,"(2, 12, 2)",0.0
2040,"(3, 12, 2)",0.0
2041,"(4, 12, 2)",0.0
2042,"(5, 12, 2)",0.0
2043,"(6, 12, 2)",0.0
2044,"(7, 12, 2)",0.0
2045,"(8, 12, 2)",0.0
2046,"(9, 12, 2)",0.0
2047,"(10, 12, 2)",0.0
2048,"(11, 12, 2)",0.0
2049,"(12, 12, 2)",0.0
2050,"(13, 12, 2)",0.0
2051,"(14, 12, 2)",0.0
2052,"(15, 12, 2)",0.0
2053,"(16, 12, 2)",0.0
2054,"(17, 12, 2)",0.0
2055,"(18, 12, 2)",0.0
2056,"(19, 12, 2)",0.0
2057,"(20, 12, 2)",0.0
2058,"(0, 12, 3)",0.0
2059,"(1, 12, 3)",0.0
2060,"(2, 12, 3)",0.0
2061,"(3, 12, 3)",0.0
2062,"(4, 12, 3)",0.0
2063,"(5, 12, 3)",0.0
2064,"(6, 12, 3)",0.0
2065,"(7, 12, 3)",0.0
2066,"(8, 12, 3)",0.0
2067,"(9, 12, 3)",0.0
2068,"(10, 12, 3)",0.0
2069,"(11, 12, 3)",0.0
2070,"(12, 12, 3)",0.0
2071,"(13, 12, 3)",0.0
2072,"(14, 12, 3)",0.0
2073,"(15, 12, 3)",0.0
2074,"(16, 12, 3)",0.0
2075,"(17, 12, 3)",0.0
2076,"(18, 12, 3)",0.0
2077,"(19, 12, 3)",0.0
2078,"(20, 12, 3)",0.0
2079,"(0, 12, 4)",0.0
2080,"(1, 12, 4)",0.0
2081,"(2, 12, 4)",0.0
2082,"(3, 12, 4)",0.0
2083,"(4, 12, 4)",0.0
2084,"(5, 12, 4)",0.0
2085,"(6, 12, 4)",0.0
2086,"(7, 12, 4)",0.0
2087,"(8, 12, 4)",0.0
2088,"(9, 12, 4)",0.0
2089,"(10, 12, 4)",0.0
2090,"(11, 12, 4)",0.0
2091,"(12, 12, 4)",0.0
2092,"(13, 12, 4)",0.0
2093,"(14, 12, 4)",0.0
2094,"(15, 12, 4)",0.0
2095,"(16, 12, 4)",0.0
2096,"(17, 12, 4)",0.0
2097,"(18, 12, 4)",0.0
2098,"(19, 12, 4)",0.0
2099,"(20, 12, 4)",0.0
2100,"(0, 12, 5)",0.0
2101,"(1, 12, 5)",0.0
2102,"(2, 12, 5)",0.0
2103,"(3, 12, 5)",0.0
2104,"(4, 12, 5)",0.0
2105,"(5, 12, 5)",0.0
2106,"(6, 12, 5)",0.0
2107,"(7, 12, 5)",0.0
2108,"(8, 12, 5)",0.0
2109,"(9, 12, 5)",0.0
2110,"(10, 12, 5)",0.0
2111,"(11, 12, 5)",0.0
2112,"(12, 12, 5)",0.0
2113,"(13, 12, 5)",0.0
2114,"(14, 12, 5)",0.0
2115,"(15, 12, 5)",0.0
2116,"(16, 12, 5)",0.0
2117,"(17, 12, 5)",0.0
2118,"(18, 12, 5)",0.0
2119,"(19, 12, 5)",0.0
2120,"(20, 12, 5)",0.0
2121,"(0, 12, 6)",0.0
2122,"(1, 12, 6)",0.0
2123,"(2, 12, 6)",0.0
2124,"(3, 12, 6)",0.0
2125,"(4, 12, 6)",0.0
2126,"(5, 12, 6)",0.0
2127,"(6, 12, 6)",0.0
2128,"(7, 12, 6)",0.0
2129,"(8, 12, 6)",0.0
2130,"(9, 12, 6)",0.0
2131,"(10, 12, 6)",0.0
2132,"(11, 12, 6)",0.0
2133,"(12, 12, 6)",0.0
2134,"(13, 12, 6)",0.0
2135,"(14, 12, 6)",0.0
2136,"(15, 12, 6)",0.0
2137,"(16, 12, 6)",0.0
2138,"(17, 12, 6)",0.0
2139,"(18, 12, 6)",0.0
2140,"(19, 12, 6)",0.0
2141,"(20, 12, 6)",0.0
2142,"(0, 12, 7)",0.0
2143,"(1, 12, 7)",0.0
2144,"(2, 12, 7)",0.0
2145,"(3, 12, 7)",0.0
2146,"(4, 12, 7)",0.0
2147,"(5, 12, 7)",0.0
2148,"(6, 12, 7)",0.0
2149,"(7, 12, 7)",0.0
2150,"(8, 12, 7)",0.0
2151,"(9, 12, 7)",0.0
2152,"(10, 12, 7)",0.0
2153,"(11, 12, 7)",0.0
2154,"(12, 12, 7)",0.0
2155,"(13, 12, 7)",0.0
2156,"(14, 12, 7)",0.0
2157,"(15, 12, 7)",0.0
2158,"(16, 12, 7)",0.0
2159,"(17, 12, 7)",0.0
2160,"(18, 12, 7)",0.0
2161,"(19, 12, 7)",0.0
2162,"(20, 12, 7)",0.0
2163,"(0, 12, 8)",0.0
2164,"(1, 12, 8)",0.0
2165,"(2, 12, 8)",0.0
2166,"(3, 12, 8)",0.0
2167,"(4, 12, 8)",0.0
2168,"(5, 12, 8)",0.0
2169,"(6, 12, 8)",0.0
2170,"(7, 12, 8)",0.0
2171,"(8, 12, 8)",0.0
2172,"(9, 12, 8)",0.0
2173,"(10, 12, 8)",0.0
2174,"(11, 12, 8)",0.0
2175,"(12, 12, 8)",0.0
2176,"(13, 12, 8)",0.0
2177,"(14, 12, 8)",0.0
2178,"(15, 12, 8)",0.0
2179,"(16, 12, 8)",0.0
2180,"(17, 12, 8)",0.0
2181,"(18, 12, 8)",0.0
2182,"(19, 12, 8)",0.0
2183,"(20, 12, 8)",0.0
2184,"(0, 13, 1)",0.0
2185,"(1, 13, 1)",0.0
2186,"(2, 13, 1)",0.0
2187,"(3, 13, 1)",0.0
2188,"(4, 13, 1)",0.0
2189,"(5, 13, 1)",0.0
2190,"(6, 13, 1)",0.0
2191,"(7, 13, 1)",0.0
2192,"(8, 13, 1)",0.0
2193,"(9, 13, 1)",0.0
2194,"(10, 13, 1)",0.0
2195,"(11, 13, 1)",0.0
2196,"(12, 13, 1)",0.0
2197,"(13, 13, 1)",0.0
2198,"(14, 13, 1)",0.0
2199,"(15, 13, 1)",0.0
2200,"(16, 13, 1)",47.0
2201,"(17, 13, 1)",46.0
2202,"(18, 13, 1)",0.0
2203,"(19, 13, 1)",0.0
2204,"(20, 13, 1)",0.0
2205,"(0, 13, 2)",0.0
2206,"(1, 13, 2)",0.0
2207,"(2, 13, 2)",0.0
2208,"(3, 13, 2)",0.0
2209,"(4, 13, 2)",0.0
2210,"(5, 13, 2)",0.0
2211,"(6, 13, 2)",0.0
2212,"(7, 13, 2)",0.0
2213,"(8, 13, 2)",0.0
2214,"(9, 13, 2)",0.0
2215,"(10, 13, 2)",0.0
2216,"(11, 13, 2)",0.0
2217,"(12, 13, 2)",0.0
2218,"(13, 13, 2)",0.0
2219,"(14, 13, 2)",0.0
2220,"(15, 13, 2)",0.0
2221,"(16, 13, 2)",0.0
2222,"(17, 13, 2)",0.0
2223,"(18, 13, 2)",0.0
2224,"(19, 13, 2)",0.0
2225,"(20, 13, 2)",0.0
2226,"(0, 13, 3)",0.0
2227,"(1, 13, 3)",0.0
2228,"(2, 13, 3)",0.0
2229,"(3, 13, 3)",0.0
2230,"(4, 13, 3)",0.0
2231,"(5, 13, 3)",0.0
2232,"(6, 13, 3)",0.0
2233,"(7, 13, 3)",0.0
2234,"(8, 13, 3)",0.0
2235,"(9, 13, 3)",0.0
2236,"(10, 13, 3)",0.0
2237,"(11, 13, 3)",0.0
2238,"(12, 13, 3)",0.0
2239,"(13, 13, 3)",0.0
2240,"(14, 13, 3)",0.0
2241,"(15, 13, 3)",0.0
2242,"(16, 13, 3)",0.0
2243,"(17, 13, 3)",0.0
2244,"(18, 13, 3)",0.0
2245,"(19, 13, 3)",0.0
2246,"(20, 13, 3)",0.0
2247,"(0, 13, 4)",0.0
2248,"(1, 13, 4)",0.0
2249,"(2, 13, 4)",0.0
2250,"(3, 13, 4)",0.0
2251,"(4, 13, 4)",0.0
2252,"(5, 13, 4)",0.0
2253,"(6, 13, 4)",0.0
2254,"(7, 13, 4)",0.0
2255,"(8, 13, 4)",0.0
2256,"(9, 13, 4)",0.0
2257,"(10, 13, 4)",0.0
2258,"(11, 13, 4)",0.0
2259,"(12, 13, 4)",0.0
2260,"(13, 13, 4)",0.0
2261,"(14, 13, 4)",0.0
2262,"(15, 13, 4)",0.0
2263,"(16, 13, 4)",0.0
2264,"(17, 13, 4)",0.0
2265,"(18, 13, 4)",0.0
2266,"(19, 13, 4)",0.0
2267,"(20, 13, 4)",0.0
2268,"(0, 13, 5)",0.0
2269,"(1, 13, 5)",0.0
2270,"(2, 13, 5)",0.0
2271,"(3, 13, 5)",0.0
2272,"(4, 13, 5)",0.0
2273,"(5, 13, 5)",0.0
2274,"(6, 13, 5)",0.0
2275,"(7, 13, 5)",0.0
2276,"(8, 13, 5)",0.0
2277,"(9, 13, 5)",0.0
2278,"(10, 13, 5)",0.0
2279,"(11, 13, 5)",0.0
2280,"(12, 13, 5)",0.0
2281,"(13, 13, 5)",0.0
2282,"(14, 13, 5)",0.0
2283,"(15, 13, 5)",0.0
2284,"(16, 13, 5)",0.0
2285,"(17, 13, 5)",0.0
2286,"(18, 13, 5)",0.0
2287,"(19, 13, 5)",0.0
2288,"(20, 13, 5)",0.0
2289,"(0, 13, 6)",0.0
2290,"(1, 13, 6)",0.0
2291,"(2, 13, 6)",0.0
2292,"(3, 13, 6)",0.0
2293,"(4, 13, 6)",0.0
2294,"(5, 13, 6)",0.0
2295,"(6, 13, 6)",0.0
2296,"(7, 13, 6)",0.0
2297,"(8, 13, 6)",0.0
2298,"(9, 13, 6)",0.0
2299,"(10, 13, 6)",0.0
2300,"(11, 13, 6)",0.0
2301,"(12, 13, 6)",0.0
2302,"(13, 13, 6)",0.0
2303,"(14, 13, 6)",0.0
2304,"(15, 13, 6)",0.0
2305,"(16, 13, 6)",0.0
2306,"(17, 13, 6)",0.0
2307,"(18, 13, 6)",0.0
2308,"(19, 13, 6)",0.0
2309,"(20, 13, 6)",0.0
2310,"(0, 13, 7)",0.0
2311,"(1, 13, 7)",0.0
2312,"(2, 13, 7)",0.0
2313,"(3, 13, 7)",0.0
2314,"(4, 13, 7)",0.0
2315,"(5, 13, 7)",0.0
2316,"(6, 13, 7)",0.0
2317,"(7, 13, 7)",0.0
2318,"(8, 13, 7)",0.0
2319,"(9, 13, 7)",0.0
2320,"(10, 13, 7)",0.0
2321,"(11, 13, 7)",0.0
2322,"(12, 13, 7)",0.0
2323,"(13, 13, 7)",0.0
2324,"(14, 13, 7)",0.0
2325,"(15, 13, 7)",0.0
2326,"(16, 13, 7)",0.0
2327,"(17, 13, 7)",0.0
2328,"(18, 13, 7)",0.0
2329,"(19, 13, 7)",0.0
2330,"(20, 13, 7)",0.0
2331,"(0, 13, 8)",0.0
2332,"(1, 13, 8)",0.0
2333,"(2, 13, 8)",0.0
2334,"(3, 13, 8)",0.0
2335,"(4, 13, 8)",0.0
2336,"(5, 13, 8)",0.0
2337,"(6, 13, 8)",0.0
2338,"(7, 13, 8)",0.0
2339,"(8, 13, 8)",0.0
2340,"(9, 13, 8)",0.0
2341,"(10, 13, 8)",0.0
2342,"(11, 13, 8)",0.0
2343,"(12, 13, 8)",0.0
2344,"(13, 13, 8)",0.0
2345,"(14, 13, 8)",0.0
2346,"(15, 13, 8)",0.0
2347,"(16, 13, 8)",0.0
2348,"(17, 13, 8)",0.0
2349,"(18, 13, 8)",0.0
2350,"(19, 13, 8)",0.0
2351,"(20, 13, 8)",0.0
2352,"(0, 14, 1)",0.0
2353,"(1, 14, 1)",0.0
2354,"(2, 14, 1)",0.0
2355,"(3, 14, 1)",0.0
2356,"(4, 14, 1)",0.0
2357,"(5, 14, 1)",0.0
2358,"(6, 14, 1)",0.0
2359,"(7, 14, 1)",0.0
2360,"(8, 14, 1)",0.0
2361,"(9, 14, 1)",0.0
2362,"(10, 14, 1)",0.0
2363,"(11, 14, 1)",0.0
2364,"(12, 14, 1)",0.0
2365,"(13, 14, 1)",0.0
2366,"(14, 14, 1)",0.0
2367,"(15, 14, 1)",0.0
2368,"(16, 14, 1)",0.0
2369,"(17, 14, 1)",0.0
2370,"(18, 14, 1)",0.0
2371,"(19, 14, 1)",0.0
2372,"(20, 14, 1)",0.0
2373,"(0, 14, 2)",0.0
2374,"(1, 14, 2)",0.0
2375,"(2, 14, 2)",0.0
2376,"(3, 14, 2)",0.0
2377,"(4, 14, 2)",0.0
2378,"(5, 14, 2)",0.0
2379,"(6, 14, 2)",0.0
2380,"(7, 14, 2)",0.0
2381,"(8, 14, 2)",0.0
2382,"(9, 14, 2)",0.0
2383,"(10, 14, 2)",0.0
2384,"(11, 14, 2)",0.0
2385,"(12, 14, 2)",0.0
2386,"(13, 14, 2)",0.0
2387,"(14, 14, 2)",0.0
2388,"(15, 14, 2)",0.0
2389,"(16, 14, 2)",0.0
2390,"(17, 14, 2)",0.0
2391,"(18, 14, 2)",0.0
2392,"(19, 14, 2)",0.0
2393,"(20, 14, 2)",0.0
2394,"(0, 14, 3)",0.0
2395,"(1, 14, 3)",0.0
2396,"(2, 14, 3)",0.0
2397,"(3, 14, 3)",0.0
2398,"(4, 14, 3)",0.0
2399,"(5, 14, 3)",0.0
2400,"(6, 14, 3)",0.0
2401,"(7, 14, 3)",0.0
2402,"(8, 14, 3)",0.0
2403,"(9, 14, 3)",0.0
2404,"(10, 14, 3)",0.0
2405,"(11, 14, 3)",0.0
2406,"(12, 14, 3)",0.0
2407,"(13, 14, 3)",0.0
2408,"(14, 14, 3)",0.0
2409,"(15, 14, 3)",0.0
2410,"(16, 14, 3)",0.0
2411,"(17, 14, 3)",0.0
2412,"(18, 14, 3)",0.0
2413,"(19, 14, 3)",0.0
2414,"(20, 14, 3)",0.0
2415,"(0, 14, 4)",0.0
2416,"(1, 14, 4)",0.0
2417,"(2, 14, 4)",0.0
2418,"(3, 14, 4)",0.0
2419,"(4, 14, 4)",0.0
2420,"(5, 14, 4)",0.0
2421,"(6, 14, 4)",0.0
2422,"(7, 14, 4)",0.0
2423,"(8, 14, 4)",0.0
2424,"(9, 14, 4)",0.0
2425,"(10, 14, 4)",0.0
2426,"(11, 14, 4)",0.0
2427,"(12, 14, 4)",0.0
2428,"(13, 14, 4)",0.0
2429,"(14, 14, 4)",0.0
2430,"(15, 14, 4)",0.0
2431,"(16, 14, 4)",0.0
2432,"(17, 14, 4)",0.0
2433,"(18, 14, 4)",0.0
2434,"(19, 14, 4)",0.0
2435,"(20, 14, 4)",0.0
2436,"(0, 14, 5)",0.0
2437,"(1, 14, 5)",0.0
2438,"(2, 14, 5)",0.0
2439,"(3, 14, 5)",0.0
2440,"(4, 14, 5)",0.0
2441,"(5, 14, 5)",0.0
2442,"(6, 14, 5)",0.0
2443,"(7, 14, 5)",0.0
2444,"(8, 14, 5)",0.0
2445,"(9, 14, 5)",0.0
2446,"(10, 14, 5)",0.0
2447,"(11, 14, 5)",0.0
2448,"(12, 14, 5)",0.0
2449,"(13, 14, 5)",0.0
2450,"(14, 14, 5)",0.0
2451,"(15, 14, 5)",0.0
2452,"(16, 14, 5)",0.0
2453,"(17, 14, 5)",0.0
2454,"(18, 14, 5)",0.0
2455,"(19, 14, 5)",0.0
2456,"(20, 14, 5)",0.0
2457,"(0, 14, 6)",0.0
2458,"(1, 14, 6)",0.0
2459,"(2, 14, 6)",0.0
2460,"(3, 14, 6)",0.0
2461,"(4, 14, 6)",0.0
2462,"(5, 14, 6)",0.0
2463,"(6, 14, 6)",0.0
2464,"(7, 14, 6)",0.0
2465,"(8, 14, 6)",0.0
2466,"(9, 14, 6)",0.0
2467,"(10, 14, 6)",0.0
2468,"(11, 14, 6)",0.0
2469,"(12, 14, 6)",0.0
2470,"(13, 14, 6)",0.0
2471,"(14, 14, 6)",0.0
2472,"(15, 14, 6)",0.0
2473,"(16, 14, 6)",0.0
2474,"(17, 14, 6)",0.0
2475,"(18, 14, 6)",0.0
2476,"(19, 14, 6)",0.0
2477,"(20, 14, 6)",0.0
2478,"(0, 14, 7)",0.0
2479,"(1, 14, 7)",0.0
2480,"(2, 14, 7)",0.0
2481,"(3, 14, 7)",0.0
2482,"(4, 14, 7)",0.0
2483,"(5, 14, 7)",0.0
2484,"(6, 14, 7)",0.0
2485,"(7, 14, 7)",0.0
2486,"(8, 14, 7)",0.0
2487,"(9, 14, 7)",0.0
2488,"(10, 14, 7)",0.0
2489,"(11, 14, 7)",0.0
2490,"(12, 14, 7)",0.0
2491,"(13, 14, 7)",0.0
2492,"(14, 14, 7)",0.0
2493,"(15, 14, 7)",0.0
2494,"(16, 14, 7)",0.0
2495,"(17, 14, 7)",0.0
2496,"(18, 14, 7)",0.0
2497,"(19, 14, 7)",0.0
2498,"(20, 14, 7)",0.0
2499,"(0, 14, 8)",0.0
2500,"(1, 14, 8)",0.0
2501,"(2, 14, 8)",0.0
2502,"(3, 14, 8)",0.0
2503,"(4, 14, 8)",0.0
2504,"(5, 14, 8)",0.0
2505,"(6, 14, 8)",0.0
2506,"(7, 14, 8)",0.0
2507,"(8, 14, 8)",0.0
2508,"(9, 14, 8)",0.0
2509,"(10, 14, 8)",0.0
2510,"(11, 14, 8)",0.0
2511,"(12, 14, 8)",0.0
2512,"(13, 14, 8)",0.0
2513,"(14, 14, 8)",0.0
2514,"(15, 14, 8)",0.0
2515,"(16, 14, 8)",0.0
2516,"(17, 14, 8)",0.0
2517,"(18, 14, 8)",0.0
2518,"(19, 14, 8)",0.0
2519,"(20, 14, 8)",0.0
2520,"(0, 15, 1)",0.0
2521,"(1, 15, 1)",2.0
2522,"(2, 15, 1)",0.0
2523,"(3, 15, 1)",0.0
2524,"(4, 15, 1)",0.0
2525,"(5, 15, 1)",0.0
2526,"(6, 15, 1)",0.0
2527,"(7, 15, 1)",0.0
2528,"(8, 15, 1)",0.0
2529,"(9, 15, 1)",0.0
2530,"(10, 15, 1)",0.0
2531,"(11, 15, 1)",0.0
2532,"(12, 15, 1)",0.0
2533,"(13, 15, 1)",0.0
2534,"(14, 15, 1)",0.0
2535,"(15, 15, 1)",0.0
2536,"(16, 15, 1)",0.0
2537,"(17, 15, 1)",0.0
2538,"(18, 15, 1)",0.0
2539,"(19, 15, 1)",0.0
2540,"(20, 15, 1)",0.0
2541,"(0, 15, 2)",0.0
2542,"(1, 15, 2)",0.0
2543,"(2, 15, 2)",0.0
2544,"(3, 15, 2)",0.0
2545,"(4, 15, 2)",0.0
2546,"(5, 15, 2)",0.0
2547,"(6, 15, 2)",0.0
2548,"(7, 15, 2)",0.0
2549,"(8, 15, 2)",0.0
2550,"(9, 15, 2)",0.0
2551,"(10, 15, 2)",0.0
2552,"(11, 15, 2)",0.0
2553,"(12, 15, 2)",0.0
2554,"(13, 15, 2)",0.0
2555,"(14, 15, 2)",0.0
2556,"(15, 15, 2)",0.0
2557,"(16, 15, 2)",0.0
2558,"(17, 15, 2)",0.0
2559,"(18, 15, 2)",0.0
2560,"(19, 15, 2)",0.0
2561,"(20, 15, 2)",0.0
2562,"(0, 15, 3)",0.0
2563,"(1, 15, 3)",0.0
2564,"(2, 15, 3)",0.0
2565,"(3, 15, 3)",0.0
2566,"(4, 15, 3)",0.0
2567,"(5, 15, 3)",0.0
2568,"(6, 15, 3)",0.0
2569,"(7, 15, 3)",0.0
2570,"(8, 15, 3)",0.0
2571,"(9, 15, 3)",0.0
2572,"(10, 15, 3)",0.0
2573,"(11, 15, 3)",0.0
2574,"(12, 15, 3)",0.0
2575,"(13, 15, 3)",0.0
2576,"(14, 15, 3)",0.0
2577,"(15, 15, 3)",0.0
2578,"(16, 15, 3)",0.0
2579,"(17, 15, 3)",0.0
2580,"(18, 15, 3)",0.0
2581,"(19, 15, 3)",0.0
2582,"(20, 15, 3)",0.0
2583,"(0, 15, 4)",0.0
2584,"(1, 15, 4)",0.0
2585,"(2, 15, 4)",0.0
2586,"(3, 15, 4)",0.0
2587,"(4, 15, 4)",0.0
2588,"(5, 15, 4)",0.0
2589,"(6, 15, 4)",0.0
2590,"(7, 15, 4)",0.0
2591,"(8, 15, 4)",0.0
2592,"(9, 15, 4)",0.0
2593,"(10, 15, 4)",0.0
2594,"(11, 15, 4)",0.0
2595,"(12, 15, 4)",0.0
2596,"(13, 15, 4)",0.0
2597,"(14, 15, 4)",0.0
2598,"(15, 15, 4)",0.0
2599,"(16, 15, 4)",0.0
2600,"(17, 15, 4)",0.0
2601,"(18, 15, 4)",0.0
2602,"(19, 15, 4)",0.0
2603,"(20, 15, 4)",0.0
2604,"(0, 15, 5)",0.0
2605,"(1, 15, 5)",0.0
2606,"(2, 15, 5)",0.0
2607,"(3, 15, 5)",0.0
2608,"(4, 15, 5)",0.0
2609,"(5, 15, 5)",0.0
2610,"(6, 15, 5)",0.0
2611,"(7, 15, 5)",0.0
2612,"(8, 15, 5)",0.0
2613,"(9, 15, 5)",0.0
2614,"(10, 15, 5)",0.0
2615,"(11, 15, 5)",0.0
2616,"(12, 15, 5)",0.0
2617,"(13, 15, 5)",0.0
2618,"(14, 15, 5)",0.0
2619,"(15, 15, 5)",0.0
2620,"(16, 15, 5)",0.0
2621,"(17, 15, 5)",0.0
2622,"(18, 15, 5)",0.0
2623,"(19, 15, 5)",0.0
2624,"(20, 15, 5)",0.0
2625,"(0, 15, 6)",0.0
2626,"(1, 15, 6)",0.0
2627,"(2, 15, 6)",0.0
2628,"(3, 15, 6)",0.0
2629,"(4, 15, 6)",0.0
2630,"(5, 15, 6)",0.0
2631,"(6, 15, 6)",0.0
2632,"(7, 15, 6)",0.0
2633,"(8, 15, 6)",0.0
2634,"(9, 15, 6)",0.0
2635,"(10, 15, 6)",0.0
2636,"(11, 15, 6)",0.0
2637,"(12, 15, 6)",0.0
2638,"(13, 15, 6)",0.0
2639,"(14, 15, 6)",0.0
2640,"(15, 15, 6)",0.0
2641,"(16, 15, 6)",0.0
2642,"(17, 15, 6)",0.0
2643,"(18, 15, 6)",0.0
2644,"(19, 15, 6)",0.0
2645,"(20, 15, 6)",0.0
2646,"(0, 15, 7)",0.0
2647,"(1, 15, 7)",0.0
2648,"(2, 15, 7)",0.0
2649,"(3, 15, 7)",0.0
2650,"(4, 15, 7)",0.0
2651,"(5, 15, 7)",0.0
2652,"(6, 15, 7)",0.0
2653,"(7, 15, 7)",0.0
2654,"(8, 15, 7)",0.0
2655,"(9, 15, 7)",0.0
2656,"(10, 15, 7)",0.0
2657,"(11, 15, 7)",0.0
2658,"(12, 15, 7)",0.0
2659,"(13, 15, 7)",0.0
2660,"(14, 15, 7)",0.0
2661,"(15, 15, 7)",0.0
2662,"(16, 15, 7)",0.0
2663,"(17, 15, 7)",0.0
2664,"(18, 15, 7)",0.0
2665,"(19, 15, 7)",0.0
2666,"(20, 15, 7)",0.0
2667,"(0, 15, 8)",0.0
2668,"(1, 15, 8)",0.0
2669,"(2, 15, 8)",0.0
2670,"(3, 15, 8)",0.0
2671,"(4, 15, 8)",0.0
2672,"(5, 15, 8)",0.0
2673,"(6, 15, 8)",0.0
2674,"(7, 15, 8)",0.0
2675,"(8, 15, 8)",0.0
2676,"(9, 15, 8)",0.0
2677,"(10, 15, 8)",0.0
2678,"(11, 15, 8)",0.0
2679,"(12, 15, 8)",0.0
2680,"(13, 15, 8)",0.0
2681,"(14, 15, 8)",0.0
2682,"(15, 15, 8)",0.0
2683,"(16, 15, 8)",0.0
2684,"(17, 15, 8)",0.0
2685,"(18, 15, 8)",0.0
2686,"(19, 15, 8)",0.0
2687,"(20, 15, 8)",0.0
2688,"(0, 16, 1)",0.0
2689,"(1, 16, 1)",0.0
2690,"(2, 16, 1)",1.0
2691,"(3, 16, 1)",0.0
2692,"(4, 16, 1)",0.0
2693,"(5, 16, 1)",0.0
2694,"(6, 16, 1)",0.0
2695,"(7, 16, 1)",0.0
2696,"(8, 16, 1)",0.0
2697,"(9, 16, 1)",0.0
2698,"(10, 16, 1)",0.0
2699,"(11, 16, 1)",0.0
2700,"(12, 16, 1)",0.0
2701,"(13, 16, 1)",0.0
2702,"(14, 16, 1)",0.0
2703,"(15, 16, 1)",0.0
2704,"(16, 16, 1)",0.0
2705,"(17, 16, 1)",0.0
2706,"(18, 16, 1)",0.0
2707,"(19, 16, 1)",0.0
2708,"(20, 16, 1)",0.0
2709,"(0, 16, 2)",0.0
2710,"(1, 16, 2)",0.0
2711,"(2, 16, 2)",0.0
2712,"(3, 16, 2)",0.0
2713,"(4, 16, 2)",0.0
2714,"(5, 16, 2)",0.0
2715,"(6, 16, 2)",0.0
2716,"(7, 16, 2)",0.0
2717,"(8, 16, 2)",0.0
2718,"(9, 16, 2)",0.0
2719,"(10, 16, 2)",0.0
2720,"(11, 16, 2)",0.0
2721,"(12, 16, 2)",0.0
2722,"(13, 16, 2)",0.0
2723,"(14, 16, 2)",0.0
2724,"(15, 16, 2)",0.0
2725,"(16, 16, 2)",0.0
2726,"(17, 16, 2)",0.0
2727,"(18, 16, 2)",0.0
2728,"(19, 16, 2)",0.0
2729,"(20, 16, 2)",0.0
2730,"(0, 16, 3)",0.0
2731,"(1, 16, 3)",0.0
2732,"(2, 16, 3)",0.0
2733,"(3, 16, 3)",0.0
2734,"(4, 16, 3)",0.0
2735,"(5, 16, 3)",0.0
2736,"(6, 16, 3)",0.0
2737,"(7, 16, 3)",0.0
2738,"(8, 16, 3)",0.0
2739,"(9, 16, 3)",0.0
2740,"(10, 16, 3)",0.0
2741,"(11, 16, 3)",0.0
2742,"(12, 16, 3)",0.0
2743,"(13, 16, 3)",0.0
2744,"(14, 16, 3)",0.0
2745,"(15, 16, 3)",0.0
2746,"(16, 16, 3)",0.0
2747,"(17, 16, 3)",0.0
2748,"(18, 16, 3)",0.0
2749,"(19, 16, 3)",0.0
2750,"(20, 16, 3)",0.0
2751,"(0, 16, 4)",0.0
2752,"(1, 16, 4)",0.0
2753,"(2, 16, 4)",0.0
2754,"(3, 16, 4)",0.0
2755,"(4, 16, 4)",0.0
2756,"(5, 16, 4)",0.0
2757,"(6, 16, 4)",0.0
2758,"(7, 16, 4)",0.0
2759,"(8, 16, 4)",0.0
2760,"(9, 16, 4)",0.0
2761,"(10, 16, 4)",0.0
2762,"(11, 16, 4)",0.0
2763,"(12, 16, 4)",0.0
2764,"(13, 16, 4)",0.0
2765,"(14, 16, 4)",0.0
2766,"(15, 16, 4)",0.0
2767,"(16, 16, 4)",0.0
2768,"(17, 16, 4)",0.0
2769,"(18, 16, 4)",0.0
2770,"(19, 16, 4)",0.0
2771,"(20, 16, 4)",0.0
2772,"(0, 16, 5)",0.0
2773,"(1, 16, 5)",0.0
2774,"(2, 16, 5)",0.0
2775,"(3, 16, 5)",0.0
2776,"(4, 16, 5)",0.0
2777,"(5, 16, 5)",0.0
2778,"(6, 16, 5)",0.0
2779,"(7, 16, 5)",0.0
2780,"(8, 16, 5)",0.0
2781,"(9, 16, 5)",0.0
2782,"(10, 16, 5)",0.0
2783,"(11, 16, 5)",0.0
2784,"(12, 16, 5)",0.0
2785,"(13, 16, 5)",0.0
2786,"(14, 16, 5)",0.0
2787,"(15, 16, 5)",0.0
2788,"(16, 16, 5)",0.0
2789,"(17, 16, 5)",0.0
2790,"(18, 16, 5)",0.0
2791,"(19, 16, 5)",0.0
2792,"(20, 16, 5)",0.0
2793,"(0, 16, 6)",0.0
2794,"(1, 16, 6)",0.0
2795,"(2, 16, 6)",0.0
2796,"(3, 16, 6)",0.0
2797,"(4, 16, 6)",0.0
2798,"(5, 16, 6)",0.0
2799,"(6, 16, 6)",0.0
2800,"(7, 16, 6)",0.0
2801,"(8, 16, 6)",0.0
2802,"(9, 16, 6)",0.0
2803,"(10, 16, 6)",0.0
2804,"(11, 16, 6)",0.0
2805,"(12, 16, 6)",0.0
2806,"(13, 16, 6)",0.0
2807,"(14, 16, 6)",0.0
2808,"(15, 16, 6)",0.0
2809,"(16, 16, 6)",0.0
2810,"(17, 16, 6)",0.0
2811,"(18, 16, 6)",0.0
2812,"(19, 16, 6)",0.0
2813,"(20, 16, 6)",0.0
2814,"(0, 16, 7)",0.0
2815,"(1, 16, 7)",0.0
2816,"(2, 16, 7)",0.0
2817,"(3, 16, 7)",0.0
2818,"(4, 16, 7)",0.0
2819,"(5, 16, 7)",0.0
2820,"(6, 16, 7)",0.0
2821,"(7, 16, 7)",0.0
2822,"(8, 16, 7)",0.0
2823,"(9, 16, 7)",0.0
2824,"(10, 16, 7)",0.0
2825,"(11, 16, 7)",0.0
2826,"(12, 16, 7)",0.0
2827,"(13, 16, 7)",0.0
2828,"(14, 16, 7)",0.0
2829,"(15, 16, 7)",0.0
2830,"(16, 16, 7)",0.0
2831,"(17, 16, 7)",0.0
2832,"(18, 16, 7)",0.0
2833,"(19, 16, 7)",0.0
2834,"(20, 16, 7)",0.0
2835,"(0, 16, 8)",0.0
2836,"(1, 16, 8)",0.0
2837,"(2, 16, 8)",0.0
2838,"(3, 16, 8)",0.0
2839,"(4, 16, 8)",0.0
2840,"(5, 16, 8)",0.0
2841,"(6, 16, 8)",0.0
2842,"(7, 16, 8)",0.0
2843,"(8, 16, 8)",0.0
2844,"(9, 16, 8)",0.0
2845,"(10, 16, 8)",0.0
2846,"(11, 16, 8)",0.0
2847,"(12, 16, 8)",0.0
2848,"(13, 16, 8)",0.0
2849,"(14, 16, 8)",0.0
2850,"(15, 16, 8)",0.0
2851,"(16, 16, 8)",0.0
2852,"(17, 16, 8)",0.0
2853,"(18, 16, 8)",0.0
2854,"(19, 16, 8)",0.0
2855,"(20, 16, 8)",0.0
2856,"(0, 17, 1)",0.0
2857,"(1, 17, 1)",0.0
2858,"(2, 17, 1)",0.0
2859,"(3, 17, 1)",0.0
2860,"(4, 17, 1)",0.0
2861,"(5, 17, 1)",0.0
2862,"(6, 17, 1)",0.0
2863,"(7, 17, 1)",0.0
2864,"(8, 17, 1)",0.0
2865,"(9, 17, 1)",0.0
2866,"(10, 17, 1)",0.0
2867,"(11, 17, 1)",0.0
2868,"(12, 17, 1)",0.0
2869,"(13, 17, 1)",0.0
2870,"(14, 17, 1)",0.0
2871,"(15, 17, 1)",0.0
2872,"(16, 17, 1)",0.0
2873,"(17, 17, 1)",0.0
2874,"(18, 17, 1)",0.0
2875,"(19, 17, 1)",0.0
2876,"(20, 17, 1)",0.0
2877,"(0, 17, 2)",0.0
2878,"(1, 17, 2)",0.0
2879,"(2, 17, 2)",0.0
2880,"(3, 17, 2)",0.0
2881,"(4, 17, 2)",0.0
2882,"(5, 17, 2)",0.0
2883,"(6, 17, 2)",0.0
2884,"(7, 17, 2)",0.0
2885,"(8, 17, 2)",0.0
2886,"(9, 17, 2)",0.0
2887,"(10, 17, 2)",0.0
2888,"(11, 17, 2)",0.0
2889,"(12, 17, 2)",0.0
2890,"(13, 17, 2)",0.0
2891,"(14, 17, 2)",0.0
2892,"(15, 17, 2)",0.0
2893,"(16, 17, 2)",0.0
2894,"(17, 17, 2)",0.0
2895,"(18, 17, 2)",0.0
2896,"(19, 17, 2)",0.0
2897,"(20, 17, 2)",0.0
2898,"(0, 17, 3)",0.0
2899,"(1, 17, 3)",0.0
2900,"(2, 17, 3)",0.0
2901,"(3, 17, 3)",0.0
2902,"(4, 17, 3)",0.0
2903,"(5, 17, 3)",0.0
2904,"(6, 17, 3)",0.0
2905,"(7, 17, 3)",0.0
2906,"(8, 17, 3)",0.0
2907,"(9, 17, 3)",0.0
2908,"(10, 17, 3)",0.0
2909,"(11, 17, 3)",0.0
2910,"(12, 17, 3)",0.0
2911,"(13, 17, 3)",0.0
2912,"(14, 17, 3)",0.0
2913,"(15, 17, 3)",0.0
2914,"(16, 17, 3)",0.0
2915,"(17, 17, 3)",0.0
2916,"(18, 17, 3)",0.0
2917,"(19, 17, 3)",0.0
2918,"(20, 17, 3)",0.0
2919,"(0, 17, 4)",0.0
2920,"(1, 17, 4)",0.0
2921,"(2, 17, 4)",0.0
2922,"(3, 17, 4)",0.0
2923,"(4, 17, 4)",0.0
2924,"(5, 17, 4)",0.0
2925,"(6, 17, 4)",0.0
2926,"(7, 17, 4)",0.0
2927,"(8, 17, 4)",0.0
2928,"(9, 17, 4)",0.0
2929,"(10, 17, 4)",0.0
2930,"(11, 17, 4)",0.0
2931,"(12, 17, 4)",0.0
2932,"(13, 17, 4)",0.0
2933,"(14, 17, 4)",0.0
2934,"(15, 17, 4)",0.0
2935,"(16, 17, 4)",0.0
2936,"(17, 17, 4)",0.0
2937,"(18, 17, 4)",0.0
2938,"(19, 17, 4)",0.0
2939,"(20, 17, 4)",0.0
2940,"(0, 17, 5)",0.0
2941,"(1, 17, 5)",0.0
2942,"(2, 17, 5)",0.0
2943,"(3, 17, 5)",0.0
2944,"(4, 17, 5)",0.0
2945,"(5, 17, 5)",0.0
2946,"(6, 17, 5)",0.0
2947,"(7, 17, 5)",0.0
2948,"(8, 17, 5)",0.0
2949,"(9, 17, 5)",0.0
2950,"(10, 17, 5)",0.0
2951,"(11, 17, 5)",0.0
2952,"(12, 17, 5)",0.0
2953,"(13, 17, 5)",0.0
2954,"(14, 17, 5)",0.0
2955,"(15, 17, 5)",0.0
2956,"(16, 17, 5)",0.0
2957,"(17, 17, 5)",0.0
2958,"(18, 17, 5)",0.0
2959,"(19, 17, 5)",0.0
2960,"(20, 17, 5)",0.0
2961,"(0, 17, 6)",0.0
2962,"(1, 17, 6)",0.0
2963,"(2, 17, 6)",0.0
2964,"(3, 17, 6)",0.0
2965,"(4, 17, 6)",0.0
2966,"(5, 17, 6)",0.0
2967,"(6, 17, 6)",0.0
2968,"(7, 17, 6)",0.0
2969,"(8, 17, 6)",0.0
2970,"(9, 17, 6)",0.0
2971,"(10, 17, 6)",0.0
2972,"(11, 17, 6)",0.0
2973,"(12, 17, 6)",0.0
2974,"(13, 17, 6)",0.0
2975,"(14, 17, 6)",0.0
2976,"(15, 17, 6)",0.0
2977,"(16, 17, 6)",0.0
2978,"(17, 17, 6)",0.0
2979,"(18, 17, 6)",0.0
2980,"(19, 17, 6)",0.0
2981,"(20, 17, 6)",0.0
2982,"(0, 17, 7)",0.0
2983,"(1, 17, 7)",0.0
2984,"(2, 17, 7)",0.0
2985,"(3, 17, 7)",0.0
2986,"(4, 17, 7)",0.0
2987,"(5, 17, 7)",0.0
2988,"(6, 17, 7)",0.0
2989,"(7, 17, 7)",0.0
2990,"(8, 17, 7)",0.0
2991,"(9, 17, 7)",0.0
2992,"(10, 17, 7)",0.0
2993,"(11, 17, 7)",0.0
2994,"(12, 17, 7)",0.0
2995,"(13, 17, 7)",0.0
2996,"(14, 17, 7)",0.0
2997,"(15, 17, 7)",0.0
2998,"(16, 17, 7)",0.0
2999,"(17, 17, 7)",0.0
3000,"(18, 17, 7)",0.0
3001,"(19, 17, 7)",0.0
3002,"(20, 17, 7)",0.0
3003,"(0, 17, 8)",0.0
3004,"(1, 17, 8)",0.0
3005,"(2, 17, 8)",0.0
3006,"(3, 17, 8)",0.0
3007,"(4, 17, 8)",0.0
3008,"(5, 17, 8)",0.0
3009,"(6, 17, 8)",0.0
3010,"(7, 17, 8)",0.0
3011,"(8, 17, 8)",0.0
3012,"(9, 17, 8)",0.0
3013,"(10, 17, 8)",0.0
3014,"(11, 17, 8)",0.0
3015,"(12, 17, 8)",0.0
3016,"(13, 17, 8)",0.0
3017,"(14, 17, 8)",0.0
3018,"(15, 17, 8)",0.0
3019,"(16, 17, 8)",0.0
3020,"(17, 17, 8)",0.0
3021,"(18, 17, 8)",0.0
3022,"(19, 17, 8)",0.0
3023,"(20, 17, 8)",0.0
3024,"(0, 18, 1)",0.0
3025,"(1, 18, 1)",0.0
3026,"(2, 18, 1)",0.0
3027,"(3, 18, 1)",0.0
3028,"(4, 18, 1)",0.0
3029,"(5, 18, 1)",0.0
3030,"(6, 18, 1)",0.0
3031,"(7, 18, 1)",0.0
3032,"(8, 18, 1)",0.0
3033,"(9, 18, 1)",0.0
3034,"(10, 18, 1)",0.0
3035,"(11, 18, 1)",0.0
3036,"(12, 18, 1)",0.0
3037,"(13, 18, 1)",0.0
3038,"(14, 18, 1)",0.0
3039,"(15, 18, 1)",0.0
3040,"(16, 18, 1)",0.0
3041,"(17, 18, 1)",0.0
3042,"(18, 18, 1)",0.0
3043,"(19, 18, 1)",0.0
3044,"(20, 18, 1)",0.0
3045,"(0, 18, 2)",0.0
3046,"(1, 18, 2)",0.0
3047,"(2, 18, 2)",0.0
3048,"(3, 18, 2)",0.0
3049,"(4, 18, 2)",0.0
3050,"(5, 18, 2)",0.0
3051,"(6, 18, 2)",0.0
3052,"(7, 18, 2)",0.0
3053,"(8, 18, 2)",0.0
3054,"(9, 18, 2)",0.0
3055,"(10, 18, 2)",0.0
3056,"(11, 18, 2)",0.0
3057,"(12, 18, 2)",0.0
3058,"(13, 18, 2)",0.0
3059,"(14, 18, 2)",0.0
3060,"(15, 18, 2)",0.0
3061,"(16, 18, 2)",0.0
3062,"(17, 18, 2)",0.0
3063,"(18, 18, 2)",0.0
3064,"(19, 18, 2)",0.0
3065,"(20, 18, 2)",0.0
3066,"(0, 18, 3)",0.0
3067,"(1, 18, 3)",0.0
3068,"(2, 18, 3)",0.0
3069,"(3, 18, 3)",0.0
3070,"(4, 18, 3)",0.0
3071,"(5, 18, 3)",0.0
3072,"(6, 18, 3)",0.0
3073,"(7, 18, 3)",0.0
3074,"(8, 18, 3)",0.0
3075,"(9, 18, 3)",0.0
3076,"(10, 18, 3)",0.0
3077,"(11, 18, 3)",0.0
3078,"(12, 18, 3)",0.0
3079,"(13, 18, 3)",0.0
3080,"(14, 18, 3)",0.0
3081,"(15, 18, 3)",0.0
3082,"(16, 18, 3)",0.0
3083,"(17, 18, 3)",0.0
3084,"(18, 18, 3)",0.0
3085,"(19, 18, 3)",0.0
3086,"(20, 18, 3)",0.0
3087,"(0, 18, 4)",0.0
3088,"(1, 18, 4)",0.0
3089,"(2, 18, 4)",0.0
3090,"(3, 18, 4)",0.0
3091,"(4, 18, 4)",0.0
3092,"(5, 18, 4)",0.0
3093,"(6, 18, 4)",0.0
3094,"(7, 18, 4)",0.0
3095,"(8, 18, 4)",0.0
3096,"(9, 18, 4)",0.0
3097,"(10, 18, 4)",0.0
3098,"(11, 18, 4)",0.0
3099,"(12, 18, 4)",0.0
3100,"(13, 18, 4)",0.0
3101,"(14, 18, 4)",0.0
3102,"(15, 18, 4)",0.0
3103,"(16, 18, 4)",0.0
3104,"(17, 18, 4)",0.0
3105,"(18, 18, 4)",0.0
3106,"(19, 18, 4)",0.0
3107,"(20, 18, 4)",0.0
3108,"(0, 18, 5)",0.0
3109,"(1, 18, 5)",0.0
3110,"(2, 18, 5)",0.0
3111,"(3, 18, 5)",0.0
3112,"(4, 18, 5)",0.0
3113,"(5, 18, 5)",0.0
3114,"(6, 18, 5)",0.0
3115,"(7, 18, 5)",0.0
3116,"(8, 18, 5)",0.0
3117,"(9, 18, 5)",0.0
3118,"(10, 18, 5)",0.0
3119,"(11, 18, 5)",0.0
3120,"(12, 18, 5)",0.0
3121,"(13, 18, 5)",0.0
3122,"(14, 18, 5)",0.0
3123,"(15, 18, 5)",0.0
3124,"(16, 18, 5)",0.0
3125,"(17, 18, 5)",0.0
3126,"(18, 18, 5)",0.0
3127,"(19, 18, 5)",0.0
3128,"(20, 18, 5)",0.0
3129,"(0, 18, 6)",0.0
3130,"(1, 18, 6)",0.0
3131,"(2, 18, 6)",0.0
3132,"(3, 18, 6)",0.0
3133,"(4, 18, 6)",0.0
3134,"(5, 18, 6)",0.0
3135,"(6, 18, 6)",0.0
3136,"(7, 18, 6)",0.0
3137,"(8, 18, 6)",0.0
3138,"(9, 18, 6)",0.0
3139,"(10, 18, 6)",0.0
3140,"(11, 18, 6)",0.0
3141,"(12, 18, 6)",0.0
3142,"(13, 18, 6)",0.0
3143,"(14, 18, 6)",0.0
3144,"(15, 18, 6)",0.0
3145,"(16, 18, 6)",0.0
3146,"(17, 18, 6)",0.0
3147,"(18, 18, 6)",0.0
3148,"(19, 18, 6)",0.0
3149,"(20, 18, 6)",0.0
3150,"(0, 18, 7)",0.0
3151,"(1, 18, 7)",0.0
3152,"(2, 18, 7)",0.0
3153,"(3, 18, 7)",0.0
3154,"(4, 18, 7)",0.0
3155,"(5, 18, 7)",0.0
3156,"(6, 18, 7)",0.0
3157,"(7, 18, 7)",0.0
3158,"(8, 18, 7)",0.0
3159,"(9, 18, 7)",0.0
3160,"(10, 18, 7)",0.0
3161,"(11, 18, 7)",0.0
3162,"(12, 18, 7)",0.0
3163,"(13, 18, 7)",0.0
3164,"(14, 18, 7)",0.0
3165,"(15, 18, 7)",0.0
3166,"(16, 18, 7)",0.0
3167,"(17, 18, 7)",0.0
3168,"(18, 18, 7)",0.0
3169,"(19, 18, 7)",0.0
3170,"(20, 18, 7)",0.0
3171,"(0, 18, 8)",0.0
3172,"(1, 18, 8)",0.0
3173,"(2, 18, 8)",0.0
3174,"(3, 18, 8)",0.0
3175,"(4, 18, 8)",0.0
3176,"(5, 18, 8)",0.0
3177,"(6, 18, 8)",0.0
3178,"(7, 18, 8)",0.0
3179,"(8, 18, 8)",0.0
3180,"(9, 18, 8)",0.0
3181,"(10, 18, 8)",0.0
3182,"(11, 18, 8)",0.0
3183,"(12, 18, 8)",0.0
3184,"(13, 18, 8)",0.0
3185,"(14, 18, 8)",0.0
3186,"(15, 18, 8)",0.0
3187,"(16, 18, 8)",0.0
3188,"(17, 18, 8)",0.0
3189,"(18, 18, 8)",0.0
3190,"(19, 18, 8)",0.0
3191,"(20, 18, 8)",0.0
3192,"(0, 19, 1)",0.0
3193,"(1, 19, 1)",0.0
3194,"(2, 19, 1)",0.0
3195,"(3, 19, 1)",0.0
3196,"(4, 19, 1)",0.0
3197,"(5, 19, 1)",0.0
3198,"(6, 19, 1)",0.0
3199,"(7, 19, 1)",0.0
3200,"(8, 19, 1)",0.0
3201,"(9, 19, 1)",0.0
3202,"(10, 19, 1)",0.0
3203,"(11, 19, 1)",0.0
3204,"(12, 19, 1)",0.0
3205,"(13, 19, 1)",0.0
3206,"(14, 19, 1)",0.0
3207,"(15, 19, 1)",0.0
3208,"(16, 19, 1)",0.0
3209,"(17, 19, 1)",0.0
3210,"(18, 19, 1)",0.0
3211,"(19, 19, 1)",0.0
3212,"(20, 19, 1)",0.0
3213,"(0, 19, 2)",0.0
3214,"(1, 19, 2)",0.0
3215,"(2, 19, 2)",0.0
3216,"(3, 19, 2)",0.0
3217,"(4, 19, 2)",0.0
3218,"(5, 19, 2)",0.0
3219,"(6, 19, 2)",0.0
3220,"(7, 19, 2)",0.0
3221,"(8, 19, 2)",0.0
3222,"(9, 19, 2)",0.0
3223,"(10, 19, 2)",0.0
3224,"(11, 19, 2)",0.0
3225,"(12, 19, 2)",0.0
3226,"(13, 19, 2)",0.0
3227,"(14, 19, 2)",0.0
3228,"(15, 19, 2)",0.0
3229,"(16, 19, 2)",0.0
3230,"(17, 19, 2)",0.0
3231,"(18, 19, 2)",0.0
3232,"(19, 19, 2)",0.0
3233,"(20, 19, 2)",0.0
3234,"(0, 19, 3)",0.0
3235,"(1, 19, 3)",0.0
3236,"(2, 19, 3)",0.0
3237,"(3, 19, 3)",0.0
3238,"(4, 19, 3)",0.0
3239,"(5, 19, 3)",0.0
3240,"(6, 19, 3)",0.0
3241,"(7, 19, 3)",0.0
3242,"(8, 19, 3)",0.0
3243,"(9, 19, 3)",0.0
3244,"(10, 19, 3)",0.0
3245,"(11, 19, 3)",0.0
3246,"(12, 19, 3)",0.0
3247,"(13, 19, 3)",0.0
3248,"(14, 19, 3)",0.0
3249,"(15, 19, 3)",0.0
3250,"(16, 19, 3)",0.0
3251,"(17, 19, 3)",0.0
3252,"(18, 19, 3)",0.0
3253,"(19, 19, 3)",0.0
3254,"(20, 19, 3)",0.0
3255,"(0, 19, 4)",0.0
3256,"(1, 19, 4)",0.0
3257,"(2, 19, 4)",0.0
3258,"(3, 19, 4)",0.0
3259,"(4, 19, 4)",0.0
3260,"(5, 19, 4)",0.0
3261,"(6, 19, 4)",0.0
3262,"(7, 19, 4)",0.0
3263,"(8, 19, 4)",0.0
3264,"(9, 19, 4)",0.0
3265,"(10, 19, 4)",0.0
3266,"(11, 19, 4)",0.0
3267,"(12, 19, 4)",0.0
3268,"(13, 19, 4)",0.0
3269,"(14, 19, 4)",0.0
3270,"(15, 19, 4)",0.0
3271,"(16, 19, 4)",0.0
3272,"(17, 19, 4)",0.0
3273,"(18, 19, 4)",0.0
3274,"(19, 19, 4)",0.0
3275,"(20, 19, 4)",0.0
3276,"(0, 19, 5)",0.0
3277,"(1, 19, 5)",0.0
3278,"(2, 19, 5)",0.0
3279,"(3, 19, 5)",0.0
3280,"(4, 19, 5)",0.0
3281,"(5, 19, 5)",0.0
3282,"(6, 19, 5)",0.0
3283,"(7, 19, 5)",0.0
3284,"(8, 19, 5)",0.0
3285,"(9, 19, 5)",0.0
3286,"(10, 19, 5)",0.0
3287,"(11, 19, 5)",0.0
3288,"(12, 19, 5)",0.0
3289,"(13, 19, 5)",0.0
3290,"(14, 19, 5)",0.0
3291,"(15, 19, 5)",0.0
3292,"(16, 19, 5)",0.0
3293,"(17, 19, 5)",0.0
3294,"(18, 19, 5)",0.0
3295,"(19, 19, 5)",0.0
3296,"(20, 19, 5)",0.0
3297,"(0, 19, 6)",0.0
3298,"(1, 19, 6)",0.0
3299,"(2, 19, 6)",0.0
3300,"(3, 19, 6)",0.0
3301,"(4, 19, 6)",0.0
3302,"(5, 19, 6)",0.0
3303,"(6, 19, 6)",0.0
3304,"(7, 19, 6)",0.0
3305,"(8, 19, 6)",0.0
3306,"(9, 19, 6)",0.0
3307,"(10, 19, 6)",0.0
3308,"(11, 19, 6)",0.0
3309,"(12, 19, 6)",0.0
3310,"(13, 19, 6)",0.0
3311,"(14, 19, 6)",0.0
3312,"(15, 19, 6)",0.0
3313,"(16, 19, 6)",0.0
3314,"(17, 19, 6)",0.0
3315,"(18, 19, 6)",0.0
3316,"(19, 19, 6)",0.0
3317,"(20, 19, 6)",0.0
3318,"(0, 19, 7)",0.0
3319,"(1, 19, 7)",0.0
3320,"(2, 19, 7)",0.0
3321,"(3, 19, 7)",0.0
3322,"(4, 19, 7)",0.0
3323,"(5, 19, 7)",0.0
3324,"(6, 19, 7)",0.0
3325,"(7, 19, 7)",0.0
3326,"(8, 19, 7)",0.0
3327,"(9, 19, 7)",0.0
3328,"(10, 19, 7)",0.0
3329,"(11, 19, 7)",0.0
3330,"(12, 19, 7)",0.0
3331,"(13, 19, 7)",0.0
3332,"(14, 19, 7)",0.0
3333,"(15, 19, 7)",0.0
3334,"(16, 19, 7)",0.0
3335,"(17, 19, 7)",0.0
3336,"(18, 19, 7)",0.0
3337,"(19, 19, 7)",0.0
3338,"(20, 19, 7)",0.0
3339,"(0, 19, 8)",0.0
3340,"(1, 19, 8)",0.0
3341,"(2, 19, 8)",0.0
3342,"(3, 19, 8)",0.0
3343,"(4, 19, 8)",0.0
3344,"(5, 19, 8)",0.0
3345,"(6, 19, 8)",0.0
3346,"(7, 19, 8)",0.0
3347,"(8, 19, 8)",0.0
3348,"(9, 19, 8)",0.0
3349,"(10, 19, 8)",0.0
3350,"(11, 19, 8)",0.0
3351,"(12, 19, 8)",0.0
3352,"(13, 19, 8)",0.0
3353,"(14, 19, 8)",0.0
3354,"(15, 19, 8)",0.0
3355,"(16, 19, 8)",0.0
3356,"(17, 19, 8)",0.0
3357,"(18, 19, 8)",0.0
3358,"(19, 19, 8)",0.0
3359,"(20, 19, 8)",0.0
3360,"(0, 20, 1)",0.0
3361,"(1, 20, 1)",0.0
3362,"(2, 20, 1)",0.0
3363,"(3, 20, 1)",0.0
3364,"(4, 20, 1)",0.0
3365,"(5, 20, 1)",0.0
3366,"(6, 20, 1)",0.0
3367,"(7, 20, 1)",0.0
3368,"(8, 20, 1)",0.0
3369,"(9, 20, 1)",0.0
3370,"(10, 20, 1)",0.0
3371,"(11, 20, 1)",0.0
3372,"(12, 20, 1)",0.0
3373,"(13, 20, 1)",0.0
3374,"(14, 20, 1)",0.0
3375,"(15, 20, 1)",0.0
3376,"(16, 20, 1)",0.0
3377,"(17, 20, 1)",0.0
3378,"(18, 20, 1)",0.0
3379,"(19, 20, 1)",0.0
3380,"(20, 20, 1)",0.0
3381,"(0, 20, 2)",0.0
3382,"(1, 20, 2)",0.0
3383,"(2, 20, 2)",0.0
3384,"(3, 20, 2)",0.0
3385,"(4, 20, 2)",0.0
3386,"(5, 20, 2)",0.0
3387,"(6, 20, 2)",0.0
3388,"(7, 20, 2)",0.0
3389,"(8, 20, 2)",0.0
3390,"(9, 20, 2)",0.0
3391,"(10, 20, 2)",0.0
3392,"(11, 20, 2)",0.0
3393,"(12, 20, 2)",0.0
3394,"(13, 20, 2)",0.0
3395,"(14, 20, 2)",0.0
3396,"(15, 20, 2)",0.0
3397,"(16, 20, 2)",0.0
3398,"(17, 20, 2)",0.0
3399,"(18, 20, 2)",0.0
3400,"(19, 20, 2)",0.0
3401,"(20, 20, 2)",0.0
3402,"(0, 20, 3)",0.0
3403,"(1, 20, 3)",0.0
3404,"(2, 20, 3)",0.0
3405,"(3, 20, 3)",0.0
3406,"(4, 20, 3)",0.0
3407,"(5, 20, 3)",0.0
3408,"(6, 20, 3)",0.0
3409,"(7, 20, 3)",0.0
3410,"(8, 20, 3)",0.0
3411,"(9, 20, 3)",0.0
3412,"(10, 20, 3)",0.0
3413,"(11, 20, 3)",0.0
3414,"(12, 20, 3)",0.0
3415,"(13, 20, 3)",0.0
3416,"(14, 20, 3)",0.0
3417,"(15, 20, 3)",0.0
3418,"(16, 20, 3)",0.0
3419,"(17, 20, 3)",0.0
3420,"(18, 20, 3)",0.0
3421,"(19, 20, 3)",0.0
3422,"(20, 20, 3)",0.0
3423,"(0, 20, 4)",0.0
3424,"(1, 20, 4)",0.0
3425,"(2, 20, 4)",0.0
3426,"(3, 20, 4)",0.0
3427,"(4, 20, 4)",0.0
3428,"(5, 20, 4)",0.0
3429,"(6, 20, 4)",0.0
3430,"(7, 20, 4)",0.0
3431,"(8, 20, 4)",0.0
3432,"(9, 20, 4)",0.0
3433,"(10, 20, 4)",0.0
3434,"(11, 20, 4)",0.0
3435,"(12, 20, 4)",0.0
3436,"(13, 20, 4)",0.0
3437,"(14, 20, 4)",0.0
3438,"(15, 20, 4)",0.0
3439,"(16, 20, 4)",0.0
3440,"(17, 20, 4)",0.0
3441,"(18, 20, 4)",0.0
3442,"(19, 20, 4)",0.0
3443,"(20, 20, 4)",0.0
3444,"(0, 20, 5)",0.0
3445,"(1, 20, 5)",0.0
3446,"(2, 20, 5)",0.0
3447,"(3, 20, 5)",0.0
3448,"(4, 20, 5)",0.0
3449,"(5, 20, 5)",0.0
3450,"(6, 20, 5)",0.0
3451,"(7, 20, 5)",0.0
3452,"(8, 20, 5)",0.0
3453,"(9, 20, 5)",0.0
3454,"(10, 20, 5)",0.0
3455,"(11, 20, 5)",0.0
3456,"(12, 20, 5)",0.0
3457,"(13, 20, 5)",0.0
3458,"(14, 20, 5)",0.0
3459,"(15, 20, 5)",0.0
3460,"(16, 20, 5)",0.0
3461,"(17, 20, 5)",0.0
3462,"(18, 20, 5)",0.0
3463,"(19, 20, 5)",0.0
3464,"(20, 20, 5)",0.0
3465,"(0, 20, 6)",0.0
3466,"(1, 20, 6)",0.0
3467,"(2, 20, 6)",0.0
3468,"(3, 20, 6)",0.0
3469,"(4, 20, 6)",0.0
3470,"(5, 20, 6)",0.0
3471,"(6, 20, 6)",0.0
3472,"(7, 20, 6)",0.0
3473,"(8, 20, 6)",0.0
3474,"(9, 20, 6)",0.0
3475,"(10, 20, 6)",0.0
3476,"(11, 20, 6)",0.0
3477,"(12, 20, 6)",0.0
3478,"(13, 20, 6)",0.0
3479,"(14, 20, 6)",0.0
3480,"(15, 20, 6)",0.0
3481,"(16, 20, 6)",0.0
3482,"(17, 20, 6)",0.0
3483,"(18, 20, 6)",0.0
3484,"(19, 20, 6)",0.0
3485,"(20, 20, 6)",0.0
3486,"(0, 20, 7)",0.0
3487,"(1, 20, 7)",0.0
3488,"(2, 20, 7)",0.0
3489,"(3, 20, 7)",0.0
3490,"(4, 20, 7)",0.0
3491,"(5, 20, 7)",0.0
3492,"(6, 20, 7)",0.0
3493,"(7, 20, 7)",0.0
3494,"(8, 20, 7)",0.0
3495,"(9, 20, 7)",0.0
3496,"(10, 20, 7)",0.0
3497,"(11, 20, 7)",0.0
3498,"(12, 20, 7)",0.0
3499,"(13, 20, 7)",0.0
3500,"(14, 20, 7)",0.0
3501,"(15, 20, 7)",0.0
3502,"(16, 20, 7)",0.0
3503,"(17, 20, 7)",0.0
3504,"(18, 20, 7)",0.0
3505,"(19, 20, 7)",0.0
3506,"(20, 20, 7)",0.0
3507,"(0, 20, 8)",0.0
3508,"(1, 20, 8)",0.0
3509,"(2, 20, 8)",0.0
3510,"(3, 20, 8)",0.0
3511,"(4, 20, 8)",0.0
3512,"(5, 20, 8)",0.0
3513,"(6, 20, 8)",0.0
3514,"(7, 20, 8)",0.0
3515,"(8, 20, 8)",0.0
3516,"(9, 20, 8)",0.0
3517,"(10, 20, 8)",0.0
3518,"(11, 20, 8)",0.0
3519,"(12, 20, 8)",0.0
3520,"(13, 20, 8)",0.0
3521,"(14, 20, 8)",0.0
3522,"(15, 20, 8)",0.0
3523,"(16, 20, 8)",0.0
3524,"(17, 20, 8)",0.0
3525,"(18, 20, 8)",0.0
3526,"(19, 20, 8)",0.0
3527,"(20, 20, 8)",0.0
3528,"(0, 21, 1)",0.0
3529,"(1, 21, 1)",0.0
3530,"(2, 21, 1)",0.0
3531,"(3, 21, 1)",0.0
3532,"(4, 21, 1)",0.0
3533,"(5, 21, 1)",0.0
3534,"(6, 21, 1)",0.0
3535,"(7, 21, 1)",0.0
3536,"(8, 21, 1)",0.0
3537,"(9, 21, 1)",0.0
3538,"(10, 21, 1)",0.0
3539,"(11, 21, 1)",0.0
3540,"(12, 21, 1)",0.0
3541,"(13, 21, 1)",0.0
3542,"(14, 21, 1)",0.0
3543,"(15, 21, 1)",0.0
3544,"(16, 21, 1)",0.0
3545,"(17, 21, 1)",0.0
3546,"(18, 21, 1)",0.0
3547,"(19, 21, 1)",0.0
3548,"(20, 21, 1)",0.0
3549,"(0, 21, 2)",0.0
3550,"(1, 21, 2)",0.0
3551,"(2, 21, 2)",0.0
3552,"(3, 21, 2)",0.0
3553,"(4, 21, 2)",0.0
3554,"(5, 21, 2)",0.0
3555,"(6, 21, 2)",0.0
3556,"(7, 21, 2)",0.0
3557,"(8, 21, 2)",0.0
3558,"(9, 21, 2)",0.0
3559,"(10, 21, 2)",0.0
3560,"(11, 21, 2)",0.0
3561,"(12, 21, 2)",0.0
3562,"(13, 21, 2)",0.0
3563,"(14, 21, 2)",0.0
3564,"(15, 21, 2)",0.0
3565,"(16, 21, 2)",0.0
3566,"(17, 21, 2)",0.0
3567,"(18, 21, 2)",0.0
3568,"(19, 21, 2)",0.0
3569,"(20, 21, 2)",0.0
3570,"(0, 21, 3)",0.0
3571,"(1, 21, 3)",0.0
3572,"(2, 21, 3)",0.0
3573,"(3, 21, 3)",0.0
3574,"(4, 21, 3)",0.0
3575,"(5, 21, 3)",0.0
3576,"(6, 21, 3)",0.0
3577,"(7, 21, 3)",0.0
3578,"(8, 21, 3)",0.0
3579,"(9, 21, 3)",0.0
3580,"(10, 21, 3)",0.0
3581,"(11, 21, 3)",0.0
3582,"(12, 21, 3)",0.0
3583,"(13, 21, 3)",0.0
3584,"(14, 21, 3)",0.0
3585,"(15, 21, 3)",0.0
3586,"(16, 21, 3)",0.0
3587,"(17, 21, 3)",0.0
3588,"(18, 21, 3)",0.0
3589,"(19, 21, 3)",0.0
3590,"(20, 21, 3)",0.0
3591,"(0, 21, 4)",0.0
3592,"(1, 21, 4)",0.0
3593,"(2, 21, 4)",0.0
3594,"(3, 21, 4)",0.0
3595,"(4, 21, 4)",0.0
3596,"(5, 21, 4)",0.0
3597,"(6, 21, 4)",0.0
3598,"(7, 21, 4)",0.0
3599,"(8, 21, 4)",0.0
3600,"(9, 21, 4)",0.0
3601,"(10, 21, 4)",0.0
3602,"(11, 21, 4)",0.0
3603,"(12, 21, 4)",0.0
3604,"(13, 21, 4)",0.0
3605,"(14, 21, 4)",0.0
3606,"(15, 21, 4)",0.0
3607,"(16, 21, 4)",0.0
3608,"(17, 21, 4)",0.0
3609,"(18, 21, 4)",0.0
3610,"(19, 21, 4)",0.0
3611,"(20, 21, 4)",0.0
3612,"(0, 21, 5)",0.0
3613,"(1, 21, 5)",0.0
3614,"(2, 21, 5)",0.0
3615,"(3, 21, 5)",0.0
3616,"(4, 21, 5)",0.0
3617,"(5, 21, 5)",0.0
3618,"(6, 21, 5)",0.0
3619,"(7, 21, 5)",0.0
3620,"(8, 21, 5)",0.0
3621,"(9, 21, 5)",0.0
3622,"(10, 21, 5)",0.0
3623,"(11, 21, 5)",0.0
3624,"(12, 21, 5)",0.0
3625,"(13, 21, 5)",0.0
3626,"(14, 21, 5)",0.0
3627,"(15, 21, 5)",0.0
3628,"(16, 21, 5)",0.0
3629,"(17, 21, 5)",0.0
3630,"(18, 21, 5)",0.0
3631,"(19, 21, 5)",0.0
3632,"(20, 21, 5)",0.0
3633,"(0, 21, 6)",0.0
3634,"(1, 21, 6)",0.0
3635,"(2, 21, 6)",0.0
3636,"(3, 21, 6)",0.0
3637,"(4, 21, 6)",0.0
3638,"(5, 21, 6)",0.0
3639,"(6, 21, 6)",0.0
3640,"(7, 21, 6)",0.0
3641,"(8, 21, 6)",0.0
3642,"(9, 21, 6)",0.0
3643,"(10, 21, 6)",0.0
3644,"(11, 21, 6)",0.0
3645,"(12, 21, 6)",0.0
3646,"(13, 21, 6)",0.0
3647,"(14, 21, 6)",0.0
3648,"(15, 21, 6)",0.0
3649,"(16, 21, 6)",0.0
3650,"(17, 21, 6)",0.0
3651,"(18, 21, 6)",0.0
3652,"(19, 21, 6)",0.0
3653,"(20, 21, 6)",0.0
3654,"(0, 21, 7)",0.0
3655,"(1, 21, 7)",0.0
3656,"(2, 21, 7)",0.0
3657,"(3, 21, 7)",0.0
3658,"(4, 21, 7)",0.0
3659,"(5, 21, 7)",0.0
3660,"(6, 21, 7)",0.0
3661,"(7, 21, 7)",0.0
3662,"(8, 21, 7)",0.0
3663,"(9, 21, 7)",0.0
3664,"(10, 21, 7)",0.0
3665,"(11, 21, 7)",0.0
3666,"(12, 21, 7)",0.0
3667,"(13, 21, 7)",0.0
3668,"(14, 21, 7)",0.0
3669,"(15, 21, 7)",0.0
3670,"(16, 21, 7)",0.0
3671,"(17, 21, 7)",0.0
3672,"(18, 21, 7)",0.0
3673,"(19, 21, 7)",0.0
3674,"(20, 21, 7)",0.0
3675,"(0, 21, 8)",0.0
3676,"(1, 21, 8)",0.0
3677,"(2, 21, 8)",0.0
3678,"(3, 21, 8)",0.0
3679,"(4, 21, 8)",0.0
3680,"(5, 21, 8)",0.0
3681,"(6, 21, 8)",0.0
3682,"(7, 21, 8)",0.0
3683,"(8, 21, 8)",0.0
3684,"(9, 21, 8)",0.0
3685,"(10, 21, 8)",0.0
3686,"(11, 21, 8)",0.0
3687,"(12, 21, 8)",0.0
3688,"(13, 21, 8)",0.0
3689,"(14, 21, 8)",0.0
3690,"(15, 21, 8)",0.0
3691,"(16, 21, 8)",0.0
3692,"(17, 21, 8)",0.0
3693,"(18, 21, 8)",0.0
3694,"(19, 21, 8)",0.0
3695,"(20, 21, 8)",0.0
3696,"(0, 22, 1)",0.0
3697,"(1, 22, 1)",0.0
3698,"(2, 22, 1)",0.0
3699,"(3, 22, 1)",0.0
3700,"(4, 22, 1)",0.0
3701,"(5, 22, 1)",0.0
3702,"(6, 22, 1)",0.0
3703,"(7, 22, 1)",0.0
3704,"(8, 22, 1)",0.0
3705,"(9, 22, 1)",0.0
3706,"(10, 22, 1)",0.0
3707,"(11, 22, 1)",0.0
3708,"(12, 22, 1)",0.0
3709,"(13, 22, 1)",0.0
3710,"(14, 22, 1)",0.0
3711,"(15, 22, 1)",0.0
3712,"(16, 22, 1)",0.0
3713,"(17, 22, 1)",0.0
3714,"(18, 22, 1)",6.999999999999993
3715,"(19, 22, 1)",0.0
3716,"(20, 22, 1)",9.0
3717,"(0, 22, 2)",0.0
3718,"(1, 22, 2)",0.0
3719,"(2, 22, 2)",0.0
3720,"(3, 22, 2)",0.0
3721,"(4, 22, 2)",0.0
3722,"(5, 22, 2)",0.0
3723,"(6, 22, 2)",0.0
3724,"(7, 22, 2)",0.0
3725,"(8, 22, 2)",0.0
3726,"(9, 22, 2)",0.0
3727,"(10, 22, 2)",0.0
3728,"(11, 22, 2)",0.0
3729,"(12, 22, 2)",0.0
3730,"(13, 22, 2)",0.0
3731,"(14, 22, 2)",0.0
3732,"(15, 22, 2)",0.0
3733,"(16, 22, 2)",0.0
3734,"(17, 22, 2)",0.0
3735,"(18, 22, 2)",0.0
3736,"(19, 22, 2)",0.0
3737,"(20, 22, 2)",0.0
3738,"(0, 22, 3)",0.0
3739,"(1, 22, 3)",0.0
3740,"(2, 22, 3)",0.0
3741,"(3, 22, 3)",0.0
3742,"(4, 22, 3)",0.0
3743,"(5, 22, 3)",0.0
3744,"(6, 22, 3)",0.0
3745,"(7, 22, 3)",0.0
3746,"(8, 22, 3)",0.0
3747,"(9, 22, 3)",0.0
3748,"(10, 22, 3)",0.0
3749,"(11, 22, 3)",0.0
3750,"(12, 22, 3)",0.0
3751,"(13, 22, 3)",0.0
3752,"(14, 22, 3)",0.0
3753,"(15, 22, 3)",0.0
3754,"(16, 22, 3)",0.0
3755,"(17, 22, 3)",0.0
3756,"(18, 22, 3)",0.0
3757,"(19, 22, 3)",0.0
3758,"(20, 22, 3)",0.0
3759,"(0, 22, 4)",0.0
3760,"(1, 22, 4)",0.0
3761,"(2, 22, 4)",0.0
3762,"(3, 22, 4)",0.0
3763,"(4, 22, 4)",0.0
3764,"(5, 22, 4)",0.0
3765,"(6, 22, 4)",0.0
3766,"(7, 22, 4)",0.0
3767,"(8, 22, 4)",0.0
3768,"(9, 22, 4)",0.0
3769,"(10, 22, 4)",0.0
3770,"(11, 22, 4)",0.0
3771,"(12, 22, 4)",0.0
3772,"(13, 22, 4)",0.0
3773,"(14, 22, 4)",0.0
3774,"(15, 22, 4)",0.0
3775,"(16, 22, 4)",0.0
3776,"(17, 22, 4)",0.0
3777,"(18, 22, 4)",0.0
3778,"(19, 22, 4)",0.0
3779,"(20, 22, 4)",0.0
3780,"(0, 22, 5)",0.0
3781,"(1, 22, 5)",0.0
3782,"(2, 22, 5)",0.0
3783,"(3, 22, 5)",0.0
3784,"(4, 22, 5)",0.0
3785,"(5, 22, 5)",0.0
3786,"(6, 22, 5)",0.0
3787,"(7, 22, 5)",0.0
3788,"(8, 22, 5)",0.0
3789,"(9, 22, 5)",0.0
3790,"(10, 22, 5)",0.0
3791,"(11, 22, 5)",0.0
3792,"(12, 22, 5)",0.0
3793,"(13, 22, 5)",0.0
3794,"(14, 22, 5)",0.0
3795,"(15, 22, 5)",0.0
3796,"(16, 22, 5)",0.0
3797,"(17, 22, 5)",0.0
3798,"(18, 22, 5)",0.0
3799,"(19, 22, 5)",0.0
3800,"(20, 22, 5)",0.0
3801,"(0, 22, 6)",0.0
3802,"(1, 22, 6)",0.0
3803,"(2, 22, 6)",0.0
3804,"(3, 22, 6)",0.0
3805,"(4, 22, 6)",0.0
3806,"(5, 22, 6)",0.0
3807,"(6, 22, 6)",0.0
3808,"(7, 22, 6)",0.0
3809,"(8, 22, 6)",0.0
3810,"(9, 22, 6)",0.0
3811,"(10, 22, 6)",0.0
3812,"(11, 22, 6)",0.0
3813,"(12, 22, 6)",0.0
3814,"(13, 22, 6)",0.0
3815,"(14, 22, 6)",0.0
3816,"(15, 22, 6)",0.0
3817,"(16, 22, 6)",0.0
3818,"(17, 22, 6)",0.0
3819,"(18, 22, 6)",0.0
3820,"(19, 22, 6)",0.0
3821,"(20, 22, 6)",0.0
3822,"(0, 22, 7)",0.0
3823,"(1, 22, 7)",0.0
3824,"(2, 22, 7)",0.0
3825,"(3, 22, 7)",0.0
3826,"(4, 22, 7)",0.0
3827,"(5, 22, 7)",0.0
3828,"(6, 22, 7)",0.0
3829,"(7, 22, 7)",0.0
3830,"(8, 22, 7)",0.0
3831,"(9, 22, 7)",0.0
3832,"(10, 22, 7)",0.0
3833,"(11, 22, 7)",0.0
3834,"(12, 22, 7)",0.0
3835,"(13, 22, 7)",0.0
3836,"(14, 22, 7)",0.0
3837,"(15, 22, 7)",0.0
3838,"(16, 22, 7)",0.0
3839,"(17, 22, 7)",0.0
3840,"(18, 22, 7)",0.0
3841,"(19, 22, 7)",0.0
3842,"(20, 22, 7)",0.0
3843,"(0, 22, 8)",0.0
3844,"(1, 22, 8)",0.0
3845,"(2, 22, 8)",0.0
3846,"(3, 22, 8)",0.0
3847,"(4, 22, 8)",0.0
3848,"(5, 22, 8)",0.0
3849,"(6, 22, 8)",0.0
3850,"(7, 22, 8)",0.0
3851,"(8, 22, 8)",0.0
3852,"(9, 22, 8)",0.0
3853,"(10, 22, 8)",0.0
3854,"(11, 22, 8)",0.0
3855,"(12, 22, 8)",0.0
3856,"(13, 22, 8)",0.0
3857,"(14, 22, 8)",0.0
3858,"(15, 22, 8)",0.0
3859,"(16, 22, 8)",0.0
3860,"(17, 22, 8)",0.0
3861,"(18, 22, 8)",0.0
3862,"(19, 22, 8)",0.0
3863,"(20, 22, 8)",0.0
3864,"(0, 23, 1)",0.0
3865,"(1, 23, 1)",0.0
3866,"(2, 23, 1)",0.0
3867,"(3, 23, 1)",0.0
3868,"(4, 23, 1)",0.0
3869,"(5, 23, 1)",0.0
3870,"(6, 23, 1)",0.0
3871,"(7, 23, 1)",0.0
3872,"(8, 23, 1)",0.0
3873,"(9, 23, 1)",0.0
3874,"(10, 23, 1)",0.0
3875,"(11, 23, 1)",0.0
3876,"(12, 23, 1)",0.0
3877,"(13, 23, 1)",0.0
3878,"(14, 23, 1)",0.0
3879,"(15, 23, 1)",0.0
3880,"(16, 23, 1)",0.0
3881,"(17, 23, 1)",0.0
3882,"(18, 23, 1)",6.439293542825908e-15
3883,"(19, 23, 1)",0.0
3884,"(20, 23, 1)",0.0
3885,"(0, 23, 2)",0.0
3886,"(1, 23, 2)",0.0
3887,"(2, 23, 2)",0.0
3888,"(3, 23, 2)",0.0
3889,"(4, 23, 2)",0.0
3890,"(5, 23, 2)",0.0
3891,"(6, 23, 2)",0.0
3892,"(7, 23, 2)",0.0
3893,"(8, 23, 2)",0.0
3894,"(9, 23, 2)",0.0
3895,"(10, 23, 2)",0.0
3896,"(11, 23, 2)",0.0
3897,"(12, 23, 2)",0.0
3898,"(13, 23, 2)",0.0
3899,"(14, 23, 2)",0.0
3900,"(15, 23, 2)",0.0
3901,"(16, 23, 2)",0.0
3902,"(17, 23, 2)",0.0
3903,"(18, 23, 2)",0.0
3904,"(19, 23, 2)",0.0
3905,"(20, 23, 2)",0.0
3906,"(0, 23, 3)",0.0
3907,"(1, 23, 3)",0.0
3908,"(2, 23, 3)",0.0
3909,"(3, 23, 3)",0.0
3910,"(4, 23, 3)",0.0
3911,"(5, 23, 3)",0.0
3912,"(6, 23, 3)",0.0
3913,"(7, 23, 3)",0.0
3914,"(8, 23, 3)",0.0
3915,"(9, 23, 3)",0.0
3916,"(10, 23, 3)",0.0
3917,"(11, 23, 3)",0.0
3918,"(12, 23, 3)",0.0
3919,"(13, 23, 3)",0.0
3920,"(14, 23, 3)",0.0
3921,"(15, 23, 3)",0.0
3922,"(16, 23, 3)",0.0
3923,"(17, 23, 3)",0.0
3924,"(18, 23, 3)",0.0
3925,"(19, 23, 3)",0.0
3926,"(20, 23, 3)",0.0
3927,"(0, 23, 4)",0.0
3928,"(1, 23, 4)",0.0
3929,"(2, 23, 4)",0.0
3930,"(3, 23, 4)",0.0
3931,"(4, 23, 4)",0.0
3932,"(5, 23, 4)",0.0
3933,"(6, 23, 4)",0.0
3934,"(7, 23, 4)",0.0
3935,"(8, 23, 4)",0.0
3936,"(9, 23, 4)",0.0
3937,"(10, 23, 4)",0.0
3938,"(11, 23, 4)",0.0
3939,"(12, 23, 4)",0.0
3940,"(13, 23, 4)",0.0
3941,"(14, 23, 4)",0.0
3942,"(15, 23, 4)",0.0
3943,"(16, 23, 4)",0.0
3944,"(17, 23, 4)",0.0
3945,"(18, 23, 4)",0.0
3946,"(19, 23, 4)",0.0
3947,"(20, 23, 4)",0.0
3948,"(0, 23, 5)",0.0
3949,"(1, 23, 5)",0.0
3950,"(2, 23, 5)",0.0
3951,"(3, 23, 5)",0.0
3952,"(4, 23, 5)",0.0
3953,"(5, 23, 5)",0.0
3954,"(6, 23, 5)",0.0
3955,"(7, 23, 5)",0.0
3956,"(8, 23, 5)",0.0
3957,"(9, 23, 5)",0.0
3958,"(10, 23, 5)",0.0
3959,"(11, 23, 5)",0.0
3960,"(12, 23, 5)",0.0
3961,"(13, 23, 5)",0.0
3962,"(14, 23, 5)",0.0
3963,"(15, 23, 5)",0.0
3964,"(16, 23, 5)",0.0
3965,"(17, 23, 5)",0.0
3966,"(18, 23, 5)",0.0
3967,"(19, 23, 5)",0.0
3968,"(20, 23, 5)",0.0
3969,"(0, 23, 6)",0.0
3970,"(1, 23, 6)",0.0
3971,"(2, 23, 6)",0.0
3972,"(3, 23, 6)",0.0
3973,"(4, 23, 6)",0.0
3974,"(5, 23, 6)",0.0
3975,"(6, 23, 6)",0.0
3976,"(7, 23, 6)",0.0
3977,"(8, 23, 6)",0.0
3978,"(9, 23, 6)",0.0
3979,"(10, 23, 6)",0.0
3980,"(11, 23, 6)",0.0
3981,"(12, 23, 6)",0.0
3982,"(13, 23, 6)",0.0
3983,"(14, 23, 6)",0.0
3984,"(15, 23, 6)",0.0
3985,"(16, 23, 6)",0.0
3986,"(17, 23, 6)",0.0
3987,"(18, 23, 6)",0.0
3988,"(19, 23, 6)",0.0
3989,"(20, 23, 6)",0.0
3990,"(0, 23, 7)",0.0
3991,"(1, 23, 7)",0.0
3992,"(2, 23, 7)",0.0
3993,"(3, 23, 7)",0.0
3994,"(4, 23, 7)",0.0
3995,"(5, 23, 7)",0.0
3996,"(6, 23, 7)",0.0
3997,"(7, 23, 7)",0.0
3998,"(8, 23, 7)",0.0
3999,"(9, 23, 7)",0.0
4000,"(10, 23, 7)",0.0
4001,"(11, 23, 7)",0.0
4002,"(12, 23, 7)",0.0
4003,"(13, 23, 7)",0.0
4004,"(14, 23, 7)",0.0
4005,"(15, 23, 7)",0.0
4006,"(16, 23, 7)",0.0
4007,"(17, 23, 7)",0.0
4008,"(18, 23, 7)",0.0
4009,"(19, 23, 7)",0.0
4010,"(20, 23, 7)",0.0
4011,"(0, 23, 8)",0.0
4012,"(1, 23, 8)",0.0
4013,"(2, 23, 8)",0.0
4014,"(3, 23, 8)",0.0
4015,"(4, 23, 8)",0.0
4016,"(5, 23, 8)",0.0
4017,"(6, 23, 8)",0.0
4018,"(7, 23, 8)",0.0
4019,"(8, 23, 8)",0.0
4020,"(9, 23, 8)",0.0
4021,"(10, 23, 8)",0.0
4022,"(11, 23, 8)",0.0
4023,"(12, 23, 8)",0.0
4024,"(13, 23, 8)",0.0
4025,"(14, 23, 8)",0.0
4026,"(15, 23, 8)",0.0
4027,"(16, 23, 8)",0.0
4028,"(17, 23, 8)",0.0
4029,"(18, 23, 8)",0.0
4030,"(19, 23, 8)",0.0
4031,"(20, 23, 8)",0.0
4032,"(0, 24, 1)",0.0
4033,"(1, 24, 1)",0.0
4034,"(2, 24, 1)",0.0
4035,"(3, 24, 1)",0.0
4036,"(4, 24, 1)",0.0
4037,"(5, 24, 1)",0.0
4038,"(6, 24, 1)",0.0
4039,"(7, 24, 1)",0.0
4040,"(8, 24, 1)",0.0
4041,"(9, 24, 1)",0.0
4042,"(10, 24, 1)",0.0
4043,"(11, 24, 1)",0.0
4044,"(12, 24, 1)",0.0
4045,"(13, 24, 1)",0.0
4046,"(14, 24, 1)",0.0
4047,"(15, 24, 1)",0.0
4048,"(16, 24, 1)",0.0
4049,"(17, 24, 1)",0.0
4050,"(18, 24, 1)",0.0
4051,"(19, 24, 1)",0.0
4052,"(20, 24, 1)",0.0
4053,"(0, 24, 2)",0.0
4054,"(1, 24, 2)",0.0
4055,"(2, 24, 2)",0.0
4056,"(3, 24, 2)",0.0
4057,"(4, 24, 2)",0.0
4058,"(5, 24, 2)",0.0
4059,"(6, 24, 2)",0.0
4060,"(7, 24, 2)",0.0
4061,"(8, 24, 2)",0.0
4062,"(9, 24, 2)",0.0
4063,"(10, 24, 2)",0.0
4064,"(11, 24, 2)",0.0
4065,"(12, 24, 2)",0.0
4066,"(13, 24, 2)",0.0
4067,"(14, 24, 2)",0.0
4068,"(15, 24, 2)",0.0
4069,"(16, 24, 2)",0.0
4070,"(17, 24, 2)",0.0
4071,"(18, 24, 2)",0.0
4072,"(19, 24, 2)",0.0
4073,"(20, 24, 2)",0.0
4074,"(0, 24, 3)",0.0
4075,"(1, 24, 3)",0.0
4076,"(2, 24, 3)",0.0
4077,"(3, 24, 3)",0.0
4078,"(4, 24, 3)",0.0
4079,"(5, 24, 3)",0.0
4080,"(6, 24, 3)",0.0
4081,"(7, 24, 3)",0.0
4082,"(8, 24, 3)",0.0
4083,"(9, 24, 3)",0.0
4084,"(10, 24, 3)",0.0
4085,"(11, 24, 3)",0.0
4086,"(12, 24, 3)",0.0
4087,"(13, 24, 3)",0.0
4088,"(14, 24, 3)",0.0
4089,"(15, 24, 3)",0.0
4090,"(16, 24, 3)",0.0
4091,"(17, 24, 3)",0.0
4092,"(18, 24, 3)",0.0
4093,"(19, 24, 3)",0.0
4094,"(20, 24, 3)",0.0
4095,"(0, 24, 4)",0.0
4096,"(1, 24, 4)",0.0
4097,"(2, 24, 4)",0.0
4098,"(3, 24, 4)",0.0
4099,"(4, 24, 4)",0.0
4100,"(5, 24, 4)",0.0
4101,"(6, 24, 4)",0.0
4102,"(7, 24, 4)",0.0
4103,"(8, 24, 4)",0.0
4104,"(9, 24, 4)",0.0
4105,"(10, 24, 4)",0.0
4106,"(11, 24, 4)",0.0
4107,"(12, 24, 4)",0.0
4108,"(13, 24, 4)",0.0
4109,"(14, 24, 4)",0.0
4110,"(15, 24, 4)",0.0
4111,"(16, 24, 4)",0.0
4112,"(17, 24, 4)",0.0
4113,"(18, 24, 4)",0.0
4114,"(19, 24, 4)",0.0
4115,"(20, 24, 4)",0.0
4116,"(0, 24, 5)",0.0
4117,"(1, 24, 5)",0.0
4118,"(2, 24, 5)",0.0
4119,"(3, 24, 5)",0.0
4120,"(4, 24, 5)",0.0
4121,"(5, 24, 5)",0.0
4122,"(6, 24, 5)",0.0
4123,"(7, 24, 5)",0.0
4124,"(8, 24, 5)",0.0
4125,"(9, 24, 5)",0.0
4126,"(10, 24, 5)",0.0
4127,"(11, 24, 5)",0.0
4128,"(12, 24, 5)",0.0
4129,"(13, 24, 5)",0.0
4130,"(14, 24, 5)",0.0
4131,"(15, 24, 5)",0.0
4132,"(16, 24, 5)",0.0
4133,"(17, 24, 5)",0.0
4134,"(18, 24, 5)",0.0
4135,"(19, 24, 5)",0.0
4136,"(20, 24, 5)",0.0
4137,"(0, 24, 6)",0.0
4138,"(1, 24, 6)",0.0
4139,"(2, 24, 6)",0.0
4140,"(3, 24, 6)",0.0
4141,"(4, 24, 6)",0.0
4142,"(5, 24, 6)",0.0
4143,"(6, 24, 6)",0.0
4144,"(7, 24, 6)",0.0
4145,"(8, 24, 6)",0.0
4146,"(9, 24, 6)",0.0
4147,"(10, 24, 6)",0.0
4148,"(11, 24, 6)",0.0
4149,"(12, 24, 6)",0.0
4150,"(13, 24, 6)",0.0
4151,"(14, 24, 6)",0.0
4152,"(15, 24, 6)",0.0
4153,"(16, 24, 6)",0.0
4154,"(17, 24, 6)",0.0
4155,"(18, 24, 6)",0.0
4156,"(19, 24, 6)",0.0
4157,"(20, 24, 6)",0.0
4158,"(0, 24, 7)",0.0
4159,"(1, 24, 7)",0.0
4160,"(2, 24, 7)",0.0
4161,"(3, 24, 7)",0.0
4162,"(4, 24, 7)",0.0
4163,"(5, 24, 7)",0.0
4164,"(6, 24, 7)",0.0
4165,"(7, 24, 7)",0.0
4166,"(8, 24, 7)",0.0
4167,"(9, 24, 7)",0.0
4168,"(10, 24, 7)",0.0
4169,"(11, 24, 7)",0.0
4170,"(12, 24, 7)",0.0
4171,"(13, 24, 7)",0.0
4172,"(14, 24, 7)",0.0
4173,"(15, 24, 7)",0.0
4174,"(16, 24, 7)",0.0
4175,"(17, 24, 7)",0.0
4176,"(18, 24, 7)",0.0
4177,"(19, 24, 7)",0.0
4178,"(20, 24, 7)",0.0
4179,"(0, 24, 8)",0.0
4180,"(1, 24, 8)",0.0
4181,"(2, 24, 8)",0.0
4182,"(3, 24, 8)",0.0
4183,"(4, 24, 8)",0.0
4184,"(5, 24, 8)",0.0
4185,"(6, 24, 8)",0.0
4186,"(7, 24, 8)",0.0
4187,"(8, 24, 8)",0.0
4188,"(9, 24, 8)",0.0
4189,"(10, 24, 8)",0.0
4190,"(11, 24, 8)",0.0
4191,"(12, 24, 8)",0.0
4192,"(13, 24, 8)",0.0
4193,"(14, 24, 8)",0.0
4194,"(15, 24, 8)",0.0
4195,"(16, 24, 8)",0.0
4196,"(17, 24, 8)",0.0
4197,"(18, 24, 8)",0.0
4198,"(19, 24, 8)",0.0
4199,"(20, 24, 8)",0.0
4200,"(0, 25, 1)",0.0
4201,"(1, 25, 1)",0.0
4202,"(2, 25, 1)",0.0
4203,"(3, 25, 1)",0.0
4204,"(4, 25, 1)",0.0
4205,"(5, 25, 1)",0.0
4206,"(6, 25, 1)",0.0
4207,"(7, 25, 1)",0.0
4208,"(8, 25, 1)",0.0
4209,"(9, 25, 1)",0.0
4210,"(10, 25, 1)",0.0
4211,"(11, 25, 1)",0.0
4212,"(12, 25, 1)",0.0
4213,"(13, 25, 1)",0.0
4214,"(14, 25, 1)",0.0
4215,"(15, 25, 1)",0.0
4216,"(16, 25, 1)",0.0
4217,"(17, 25, 1)",0.0
4218,"(18, 25, 1)",0.0
4219,"(19, 25, 1)",0.0
4220,"(20, 25, 1)",0.0
4221,"(0, 25, 2)",0.0
4222,"(1, 25, 2)",0.0
4223,"(2, 25, 2)",0.0
4224,"(3, 25, 2)",0.0
4225,"(4, 25, 2)",0.0
4226,"(5, 25, 2)",0.0
4227,"(6, 25, 2)",0.0
4228,"(7, 25, 2)",0.0
4229,"(8, 25, 2)",0.0
4230,"(9, 25, 2)",0.0
4231,"(10, 25, 2)",0.0
4232,"(11, 25, 2)",0.0
4233,"(12, 25, 2)",0.0
4234,"(13, 25, 2)",0.0
4235,"(14, 25, 2)",0.0
4236,"(15, 25, 2)",0.0
4237,"(16, 25, 2)",0.0
4238,"(17, 25, 2)",0.0
4239,"(18, 25, 2)",0.0
4240,"(19, 25, 2)",0.0
4241,"(20, 25, 2)",0.0
4242,"(0, 25, 3)",0.0
4243,"(1, 25, 3)",0.0
4244,"(2, 25, 3)",0.0
4245,"(3, 25, 3)",0.0
4246,"(4, 25, 3)",0.0
4247,"(5, 25, 3)",0.0
4248,"(6, 25, 3)",0.0
4249,"(7, 25, 3)",0.0
4250,"(8, 25, 3)",0.0
4251,"(9, 25, 3)",0.0
4252,"(10, 25, 3)",0.0
4253,"(11, 25, 3)",0.0
4254,"(12, 25, 3)",0.0
4255,"(13, 25, 3)",0.0
4256,"(14, 25, 3)",0.0
4257,"(15, 25, 3)",0.0
4258,"(16, 25, 3)",0.0
4259,"(17, 25, 3)",0.0
4260,"(18, 25, 3)",0.0
4261,"(19, 25, 3)",0.0
4262,"(20, 25, 3)",0.0
4263,"(0, 25, 4)",0.0
4264,"(1, 25, 4)",0.0
4265,"(2, 25, 4)",0.0
4266,"(3, 25, 4)",0.0
4267,"(4, 25, 4)",0.0
4268,"(5, 25, 4)",0.0
4269,"(6, 25, 4)",0.0
4270,"(7, 25, 4)",0.0
4271,"(8, 25, 4)",0.0
4272,"(9, 25, 4)",0.0
4273,"(10, 25, 4)",0.0
4274,"(11, 25, 4)",0.0
4275,"(12, 25, 4)",0.0
4276,"(13, 25, 4)",0.0
4277,"(14, 25, 4)",0.0
4278,"(15, 25, 4)",0.0
4279,"(16, 25, 4)",0.0
4280,"(17, 25, 4)",0.0
4281,"(18, 25, 4)",0.0
4282,"(19, 25, 4)",0.0
4283,"(20, 25, 4)",0.0
4284,"(0, 25, 5)",0.0
4285,"(1, 25, 5)",0.0
4286,"(2, 25, 5)",0.0
4287,"(3, 25, 5)",0.0
4288,"(4, 25, 5)",0.0
4289,"(5, 25, 5)",0.0
4290,"(6, 25, 5)",0.0
4291,"(7, 25, 5)",0.0
4292,"(8, 25, 5)",0.0
4293,"(9, 25, 5)",0.0
4294,"(10, 25, 5)",0.0
4295,"(11, 25, 5)",0.0
4296,"(12, 25, 5)",0.0
4297,"(13, 25, 5)",0.0
4298,"(14, 25, 5)",0.0
4299,"(15, 25, 5)",0.0
4300,"(16, 25, 5)",0.0
4301,"(17, 25, 5)",0.0
4302,"(18, 25, 5)",0.0
4303,"(19, 25, 5)",0.0
4304,"(20, 25, 5)",0.0
4305,"(0, 25, 6)",0.0
4306,"(1, 25, 6)",0.0
4307,"(2, 25, 6)",0.0
4308,"(3, 25, 6)",0.0
4309,"(4, 25, 6)",0.0
4310,"(5, 25, 6)",0.0
4311,"(6, 25, 6)",0.0
4312,"(7, 25, 6)",0.0
4313,"(8, 25, 6)",0.0
4314,"(9, 25, 6)",0.0
4315,"(10, 25, 6)",0.0
4316,"(11, 25, 6)",0.0
4317,"(12, 25, 6)",0.0
4318,"(13, 25, 6)",0.0
4319,"(14, 25, 6)",0.0
4320,"(15, 25, 6)",0.0
4321,"(16, 25, 6)",0.0
4322,"(17, 25, 6)",0.0
4323,"(18, 25, 6)",0.0
4324,"(19, 25, 6)",0.0
4325,"(20, 25, 6)",0.0
4326,"(0, 25, 7)",0.0
4327,"(1, 25, 7)",0.0
4328,"(2, 25, 7)",0.0
4329,"(3, 25, 7)",0.0
4330,"(4, 25, 7)",0.0
4331,"(5, 25, 7)",0.0
4332,"(6, 25, 7)",0.0
4333,"(7, 25, 7)",0.0
4334,"(8, 25, 7)",0.0
4335,"(9, 25, 7)",0.0
4336,"(10, 25, 7)",0.0
4337,"(11, 25, 7)",0.0
4338,"(12, 25, 7)",0.0
4339,"(13, 25, 7)",0.0
4340,"(14, 25, 7)",0.0
4341,"(15, 25, 7)",0.0
4342,"(16, 25, 7)",0.0
4343,"(17, 25, 7)",0.0
4344,"(18, 25, 7)",0.0
4345,"(19, 25, 7)",0.0
4346,"(20, 25, 7)",0.0
4347,"(0, 25, 8)",0.0
4348,"(1, 25, 8)",0.0
4349,"(2, 25, 8)",0.0
4350,"(3, 25, 8)",0.0
4351,"(4, 25, 8)",0.0
4352,"(5, 25, 8)",0.0
4353,"(6, 25, 8)",0.0
4354,"(7, 25, 8)",0.0
4355,"(8, 25, 8)",0.0
4356,"(9, 25, 8)",0.0
4357,"(10, 25, 8)",0.0
4358,"(11, 25, 8)",0.0
4359,"(12, 25, 8)",0.0
4360,"(13, 25, 8)",0.0
4361,"(14, 25, 8)",0.0
4362,"(15, 25, 8)",0.0
4363,"(16, 25, 8)",0.0
4364,"(17, 25, 8)",0.0
4365,"(18, 25, 8)",0.0
4366,"(19, 25, 8)",0.0
4367,"(20, 25, 8)",0.0
4368,"(0, 26, 1)",0.0
4369,"(1, 26, 1)",0.0
4370,"(2, 26, 1)",0.0
4371,"(3, 26, 1)",0.0
4372,"(4, 26, 1)",0.0
4373,"(5, 26, 1)",0.0
4374,"(6, 26, 1)",0.0
4375,"(7, 26, 1)",0.0
4376,"(8, 26, 1)",0.0
4377,"(9, 26, 1)",0.0
4378,"(10, 26, 1)",0.0
4379,"(11, 26, 1)",0.0
4380,"(12, 26, 1)",0.0
4381,"(13, 26, 1)",0.0
4382,"(14, 26, 1)",0.0
4383,"(15, 26, 1)",0.0
4384,"(16, 26, 1)",0.0
4385,"(17, 26, 1)",0.0
4386,"(18, 26, 1)",0.0
4387,"(19, 26, 1)",0.0
4388,"(20, 26, 1)",0.0
4389,"(0, 26, 2)",0.0
4390,"(1, 26, 2)",0.0
4391,"(2, 26, 2)",0.0
4392,"(3, 26, 2)",0.0
4393,"(4, 26, 2)",0.0
4394,"(5, 26, 2)",0.0
4395,"(6, 26, 2)",0.0
4396,"(7, 26, 2)",0.0
4397,"(8, 26, 2)",0.0
4398,"(9, 26, 2)",0.0
4399,"(10, 26, 2)",0.0
4400,"(11, 26, 2)",0.0
4401,"(12, 26, 2)",0.0
4402,"(13, 26, 2)",0.0
4403,"(14, 26, 2)",0.0
4404,"(15, 26, 2)",0.0
4405,"(16, 26, 2)",0.0
4406,"(17, 26, 2)",0.0
4407,"(18, 26, 2)",0.0
4408,"(19, 26, 2)",0.0
4409,"(20, 26, 2)",0.0
4410,"(0, 26, 3)",0.0
4411,"(1, 26, 3)",0.0
4412,"(2, 26, 3)",0.0
4413,"(3, 26, 3)",0.0
4414,"(4, 26, 3)",0.0
4415,"(5, 26, 3)",0.0
4416,"(6, 26, 3)",0.0
4417,"(7, 26, 3)",0.0
4418,"(8, 26, 3)",0.0
4419,"(9, 26, 3)",0.0
4420,"(10, 26, 3)",0.0
4421,"(11, 26, 3)",0.0
4422,"(12, 26, 3)",0.0
4423,"(13, 26, 3)",0.0
4424,"(14, 26, 3)",0.0
4425,"(15, 26, 3)",0.0
4426,"(16, 26, 3)",0.0
4427,"(17, 26, 3)",0.0
4428,"(18, 26, 3)",0.0
4429,"(19, 26, 3)",0.0
4430,"(20, 26, 3)",0.0
4431,"(0, 26, 4)",0.0
4432,"(1, 26, 4)",0.0
4433,"(2, 26, 4)",0.0
4434,"(3, 26, 4)",0.0
4435,"(4, 26, 4)",0.0
4436,"(5, 26, 4)",0.0
4437,"(6, 26, 4)",0.0
4438,"(7, 26, 4)",0.0
4439,"(8, 26, 4)",0.0
4440,"(9, 26, 4)",0.0
4441,"(10, 26, 4)",0.0
4442,"(11, 26, 4)",0.0
4443,"(12, 26, 4)",0.0
4444,"(13, 26, 4)",0.0
4445,"(14, 26, 4)",0.0
4446,"(15, 26, 4)",0.0
4447,"(16, 26, 4)",0.0
4448,"(17, 26, 4)",0.0
4449,"(18, 26, 4)",0.0
4450,"(19, 26, 4)",0.0
4451,"(20, 26, 4)",0.0
4452,"(0, 26, 5)",0.0
4453,"(1, 26, 5)",0.0
4454,"(2, 26, 5)",0.0
4455,"(3, 26, 5)",0.0
4456,"(4, 26, 5)",0.0
4457,"(5, 26, 5)",0.0
4458,"(6, 26, 5)",0.0
4459,"(7, 26, 5)",0.0
4460,"(8, 26, 5)",0.0
4461,"(9, 26, 5)",0.0
4462,"(10, 26, 5)",0.0
4463,"(11, 26, 5)",0.0
4464,"(12, 26, 5)",0.0
4465,"(13, 26, 5)",0.0
4466,"(14, 26, 5)",0.0
4467,"(15, 26, 5)",0.0
4468,"(16, 26, 5)",0.0
4469,"(17, 26, 5)",0.0
4470,"(18, 26, 5)",0.0
4471,"(19, 26, 5)",0.0
4472,"(20, 26, 5)",0.0
4473,"(0, 26, 6)",0.0
4474,"(1, 26, 6)",0.0
4475,"(2, 26, 6)",0.0
4476,"(3, 26, 6)",0.0
4477,"(4, 26, 6)",0.0
4478,"(5, 26, 6)",0.0
4479,"(6, 26, 6)",0.0
4480,"(7, 26, 6)",0.0
4481,"(8, 26, 6)",0.0
4482,"(9, 26, 6)",0.0
4483,"(10, 26, 6)",0.0
4484,"(11, 26, 6)",0.0
4485,"(12, 26, 6)",0.0
4486,"(13, 26, 6)",0.0
4487,"(14, 26, 6)",0.0
4488,"(15, 26, 6)",0.0
4489,"(16, 26, 6)",0.0
4490,"(17, 26, 6)",0.0
4491,"(18, 26, 6)",0.0
4492,"(19, 26, 6)",0.0
4493,"(20, 26, 6)",0.0
4494,"(0, 26, 7)",0.0
4495,"(1, 26, 7)",0.0
4496,"(2, 26, 7)",0.0
4497,"(3, 26, 7)",0.0
4498,"(4, 26, 7)",0.0
4499,"(5, 26, 7)",0.0
4500,"(6, 26, 7)",0.0
4501,"(7, 26, 7)",0.0
4502,"(8, 26, 7)",0.0
4503,"(9, 26, 7)",0.0
4504,"(10, 26, 7)",0.0
4505,"(11, 26, 7)",0.0
4506,"(12, 26, 7)",0.0
4507,"(13, 26, 7)",0.0
4508,"(14, 26, 7)",0.0
4509,"(15, 26, 7)",0.0
4510,"(16, 26, 7)",0.0
4511,"(17, 26, 7)",0.0
4512,"(18, 26, 7)",0.0
4513,"(19, 26, 7)",0.0
4514,"(20, 26, 7)",0.0
4515,"(0, 26, 8)",0.0
4516,"(1, 26, 8)",0.0
4517,"(2, 26, 8)",0.0
4518,"(3, 26, 8)",0.0
4519,"(4, 26, 8)",0.0
4520,"(5, 26, 8)",0.0
4521,"(6, 26, 8)",0.0
4522,"(7, 26, 8)",0.0
4523,"(8, 26, 8)",0.0
4524,"(9, 26, 8)",0.0
4525,"(10, 26, 8)",0.0
4526,"(11, 26, 8)",0.0
4527,"(12, 26, 8)",0.0
4528,"(13, 26, 8)",0.0
4529,"(14, 26, 8)",0.0
4530,"(15, 26, 8)",0.0
4531,"(16, 26, 8)",0.0
4532,"(17, 26, 8)",0.0
4533,"(18, 26, 8)",0.0
4534,"(19, 26, 8)",0.0
4535,"(20, 26, 8)",0.0
4536,"(0, 27, 1)",0.0
4537,"(1, 27, 1)",0.0
4538,"(2, 27, 1)",0.0
4539,"(3, 27, 1)",0.0
4540,"(4, 27, 1)",0.0
4541,"(5, 27, 1)",0.0
4542,"(6, 27, 1)",0.0
4543,"(7, 27, 1)",0.0
4544,"(8, 27, 1)",0.0
4545,"(9, 27, 1)",0.0
4546,"(10, 27, 1)",0.0
4547,"(11, 27, 1)",0.0
4548,"(12, 27, 1)",0.0
4549,"(13, 27, 1)",0.0
4550,"(14, 27, 1)",0.0
4551,"(15, 27, 1)",0.0
4552,"(16, 27, 1)",0.0
4553,"(17, 27, 1)",0.0
4554,"(18, 27, 1)",0.0
4555,"(19, 27, 1)",0.0
4556,"(20, 27, 1)",0.0
4557,"(0, 27, 2)",-2.957634137601417e-13
4558,"(1, 27, 2)",0.0
4559,"(2, 27, 2)",0.0
4560,"(3, 27, 2)",0.0
4561,"(4, 27, 2)",0.0
4562,"(5, 27, 2)",0.0
4563,"(6, 27, 2)",0.0
4564,"(7, 27, 2)",0.0
4565,"(8, 27, 2)",0.0
4566,"(9, 27, 2)",0.0
4567,"(10, 27, 2)",0.0
4568,"(11, 27, 2)",0.0
4569,"(12, 27, 2)",0.0
4570,"(13, 27, 2)",0.0
4571,"(14, 27, 2)",0.0
4572,"(15, 27, 2)",0.0
4573,"(16, 27, 2)",0.0
4574,"(17, 27, 2)",0.0
4575,"(18, 27, 2)",0.0
4576,"(19, 27, 2)",0.0
4577,"(20, 27, 2)",0.0
4578,"(0, 27, 3)",0.0
4579,"(1, 27, 3)",0.0
4580,"(2, 27, 3)",0.0
4581,"(3, 27, 3)",0.0
4582,"(4, 27, 3)",0.0
4583,"(5, 27, 3)",0.0
4584,"(6, 27, 3)",0.0
4585,"(7, 27, 3)",0.0
4586,"(8, 27, 3)",0.0
4587,"(9, 27, 3)",0.0
4588,"(10, 27, 3)",0.0
4589,"(11, 27, 3)",0.0
4590,"(12, 27, 3)",0.0
4591,"(13, 27, 3)",0.0
4592,"(14, 27, 3)",0.0
4593,"(15, 27, 3)",0.0
4594,"(16, 27, 3)",0.0
4595,"(17, 27, 3)",0.0
4596,"(18, 27, 3)",0.0
4597,"(19, 27, 3)",0.0
4598,"(20, 27, 3)",0.0
4599,"(0, 27, 4)",0.0
4600,"(1, 27, 4)",0.0
4601,"(2, 27, 4)",0.0
4602,"(3, 27, 4)",0.0
4603,"(4, 27, 4)",0.0
4604,"(5, 27, 4)",0.0
4605,"(6, 27, 4)",0.0
4606,"(7, 27, 4)",0.0
4607,"(8, 27, 4)",0.0
4608,"(9, 27, 4)",0.0
4609,"(10, 27, 4)",0.0
4610,"(11, 27, 4)",0.0
4611,"(12, 27, 4)",0.0
4612,"(13, 27, 4)",0.0
4613,"(14, 27, 4)",0.0
4614,"(15, 27, 4)",0.0
4615,"(16, 27, 4)",0.0
4616,"(17, 27, 4)",0.0
4617,"(18, 27, 4)",0.0
4618,"(19, 27, 4)",0.0
4619,"(20, 27, 4)",0.0
4620,"(0, 27, 5)",0.0
4621,"(1, 27, 5)",0.0
4622,"(2, 27, 5)",0.0
4623,"(3, 27, 5)",0.0
4624,"(4, 27, 5)",0.0
4625,"(5, 27, 5)",0.0
4626,"(6, 27, 5)",0.0
4627,"(7, 27, 5)",0.0
4628,"(8, 27, 5)",0.0
4629,"(9, 27, 5)",0.0
4630,"(10, 27, 5)",0.0
4631,"(11, 27, 5)",0.0
4632,"(12, 27, 5)",0.0
4633,"(13, 27, 5)",0.0
4634,"(14, 27, 5)",0.0
4635,"(15, 27, 5)",0.0
4636,"(16, 27, 5)",0.0
4637,"(17, 27, 5)",0.0
4638,"(18, 27, 5)",0.0
4639,"(19, 27, 5)",0.0
4640,"(20, 27, 5)",0.0
4641,"(0, 27, 6)",0.0
4642,"(1, 27, 6)",0.0
4643,"(2, 27, 6)",0.0
4644,"(3, 27, 6)",0.0
4645,"(4, 27, 6)",0.0
4646,"(5, 27, 6)",0.0
4647,"(6, 27, 6)",0.0
4648,"(7, 27, 6)",0.0
4649,"(8, 27, 6)",0.0
4650,"(9, 27, 6)",0.0
4651,"(10, 27, 6)",0.0
4652,"(11, 27, 6)",0.0
4653,"(12, 27, 6)",0.0
4654,"(13, 27, 6)",0.0
4655,"(14, 27, 6)",0.0
4656,"(15, 27, 6)",0.0
4657,"(16, 27, 6)",0.0
4658,"(17, 27, 6)",0.0
4659,"(18, 27, 6)",0.0
4660,"(19, 27, 6)",0.0
4661,"(20, 27, 6)",0.0
4662,"(0, 27, 7)",0.0
4663,"(1, 27, 7)",0.0
4664,"(2, 27, 7)",0.0
4665,"(3, 27, 7)",0.0
4666,"(4, 27, 7)",0.0
4667,"(5, 27, 7)",0.0
4668,"(6, 27, 7)",0.0
4669,"(7, 27, 7)",0.0
4670,"(8, 27, 7)",0.0
4671,"(9, 27, 7)",0.0
4672,"(10, 27, 7)",0.0
4673,"(11, 27, 7)",0.0
4674,"(12, 27, 7)",0.0
4675,"(13, 27, 7)",0.0
4676,"(14, 27, 7)",0.0
4677,"(15, 27, 7)",0.0
4678,"(16, 27, 7)",0.0
4679,"(17, 27, 7)",0.0
4680,"(18, 27, 7)",0.0
4681,"(19, 27, 7)",0.0
4682,"(20, 27, 7)",0.0
4683,"(0, 27, 8)",0.0
4684,"(1, 27, 8)",0.0
4685,"(2, 27, 8)",0.0
4686,"(3, 27, 8)",0.0
4687,"(4, 27, 8)",0.0
4688,"(5, 27, 8)",0.0
4689,"(6, 27, 8)",0.0
4690,"(7, 27, 8)",0.0
4691,"(8, 27, 8)",0.0
4692,"(9, 27, 8)",0.0
4693,"(10, 27, 8)",0.0
4694,"(11, 27, 8)",0.0
4695,"(12, 27, 8)",0.0
4696,"(13, 27, 8)",0.0
4697,"(14, 27, 8)",0.0
4698,"(15, 27, 8)",0.0
4699,"(16, 27, 8)",0.0
4700,"(17, 27, 8)",0.0
4701,"(18, 27, 8)",0.0
4702,"(19, 27, 8)",0.0
4703,"(20, 27, 8)",0.0
4704,"(0, 28, 1)",0.0
4705,"(1, 28, 1)",0.0
4706,"(2, 28, 1)",0.0
4707,"(3, 28, 1)",0.0
4708,"(4, 28, 1)",0.0
4709,"(5, 28, 1)",0.0
4710,"(6, 28, 1)",0.0
4711,"(7, 28, 1)",0.0
4712,"(8, 28, 1)",0.0
4713,"(9, 28, 1)",0.0
4714,"(10, 28, 1)",0.0
4715,"(11, 28, 1)",0.0
4716,"(12, 28, 1)",0.0
4717,"(13, 28, 1)",0.0
4718,"(14, 28, 1)",0.0
4719,"(15, 28, 1)",0.0
4720,"(16, 28, 1)",0.0
4721,"(17, 28, 1)",0.0
4722,"(18, 28, 1)",0.0
4723,"(19, 28, 1)",0.0
4724,"(20, 28, 1)",0.0
4725,"(0, 28, 2)",0.0
4726,"(1, 28, 2)",0.0
4727,"(2, 28, 2)",0.0
4728,"(3, 28, 2)",0.0
4729,"(4, 28, 2)",0.0
4730,"(5, 28, 2)",0.0
4731,"(6, 28, 2)",0.0
4732,"(7, 28, 2)",0.0
4733,"(8, 28, 2)",0.0
4734,"(9, 28, 2)",0.0
4735,"(10, 28, 2)",0.0
4736,"(11, 28, 2)",0.0
4737,"(12, 28, 2)",0.0
4738,"(13, 28, 2)",0.0
4739,"(14, 28, 2)",0.0
4740,"(15, 28, 2)",0.0
4741,"(16, 28, 2)",0.0
4742,"(17, 28, 2)",0.0
4743,"(18, 28, 2)",0.0
4744,"(19, 28, 2)",0.0
4745,"(20, 28, 2)",0.0
4746,"(0, 28, 3)",0.0
4747,"(1, 28, 3)",0.0
4748,"(2, 28, 3)",0.0
4749,"(3, 28, 3)",0.0
4750,"(4, 28, 3)",0.0
4751,"(5, 28, 3)",0.0
4752,"(6, 28, 3)",0.0
4753,"(7, 28, 3)",0.0
4754,"(8, 28, 3)",0.0
4755,"(9, 28, 3)",0.0
4756,"(10, 28, 3)",0.0
4757,"(11, 28, 3)",0.0
4758,"(12, 28, 3)",0.0
4759,"(13, 28, 3)",0.0
4760,"(14, 28, 3)",0.0
4761,"(15, 28, 3)",0.0
4762,"(16, 28, 3)",0.0
4763,"(17, 28, 3)",0.0
4764,"(18, 28, 3)",0.0
4765,"(19, 28, 3)",0.0
4766,"(20, 28, 3)",0.0
4767,"(0, 28, 4)",0.0
4768,"(1, 28, 4)",0.0
4769,"(2, 28, 4)",0.0
4770,"(3, 28, 4)",0.0
4771,"(4, 28, 4)",0.0
4772,"(5, 28, 4)",0.0
4773,"(6, 28, 4)",0.0
4774,"(7, 28, 4)",0.0
4775,"(8, 28, 4)",0.0
4776,"(9, 28, 4)",0.0
4777,"(10, 28, 4)",0.0
4778,"(11, 28, 4)",0.0
4779,"(12, 28, 4)",0.0
4780,"(13, 28, 4)",0.0
4781,"(14, 28, 4)",0.0
4782,"(15, 28, 4)",0.0
4783,"(16, 28, 4)",0.0
4784,"(17, 28, 4)",0.0
4785,"(18, 28, 4)",0.0
4786,"(19, 28, 4)",0.0
4787,"(20, 28, 4)",0.0
4788,"(0, 28, 5)",0.0
4789,"(1, 28, 5)",0.0
4790,"(2, 28, 5)",0.0
4791,"(3, 28, 5)",0.0
4792,"(4, 28, 5)",0.0
4793,"(5, 28, 5)",0.0
4794,"(6, 28, 5)",0.0
4795,"(7, 28, 5)",0.0
4796,"(8, 28, 5)",0.0
4797,"(9, 28, 5)",0.0
4798,"(10, 28, 5)",0.0
4799,"(11, 28, 5)",0.0
4800,"(12, 28, 5)",0.0
4801,"(13, 28, 5)",0.0
4802,"(14, 28, 5)",0.0
4803,"(15, 28, 5)",0.0
4804,"(16, 28, 5)",0.0
4805,"(17, 28, 5)",0.0
4806,"(18, 28, 5)",0.0
4807,"(19, 28, 5)",0.0
4808,"(20, 28, 5)",0.0
4809,"(0, 28, 6)",0.0
4810,"(1, 28, 6)",0.0
4811,"(2, 28, 6)",0.0
4812,"(3, 28, 6)",0.0
4813,"(4, 28, 6)",0.0
4814,"(5, 28, 6)",0.0
4815,"(6, 28, 6)",0.0
4816,"(7, 28, 6)",0.0
4817,"(8, 28, 6)",0.0
4818,"(9, 28, 6)",0.0
4819,"(10, 28, 6)",0.0
4820,"(11, 28, 6)",0.0
4821,"(12, 28, 6)",0.0
4822,"(13, 28, 6)",0.0
4823,"(14, 28, 6)",0.0
4824,"(15, 28, 6)",0.0
4825,"(16, 28, 6)",0.0
4826,"(17, 28, 6)",0.0
4827,"(18, 28, 6)",0.0
4828,"(19, 28, 6)",0.0
4829,"(20, 28, 6)",0.0
4830,"(0, 28, 7)",0.0
4831,"(1, 28, 7)",0.0
4832,"(2, 28, 7)",0.0
4833,"(3, 28, 7)",0.0
4834,"(4, 28, 7)",0.0
4835,"(5, 28, 7)",0.0
4836,"(6, 28, 7)",0.0
4837,"(7, 28, 7)",0.0
4838,"(8, 28, 7)",0.0
4839,"(9, 28, 7)",0.0
4840,"(10, 28, 7)",0.0
4841,"(11, 28, 7)",0.0
4842,"(12, 28, 7)",0.0
4843,"(13, 28, 7)",0.0
4844,"(14, 28, 7)",0.0
4845,"(15, 28, 7)",0.0
4846,"(16, 28, 7)",0.0
4847,"(17, 28, 7)",0.0
4848,"(18, 28, 7)",0.0
4849,"(19, 28, 7)",0.0
4850,"(20, 28, 7)",0.0
4851,"(0, 28, 8)",0.0
4852,"(1, 28, 8)",0.0
4853,"(2, 28, 8)",0.0
4854,"(3, 28, 8)",0.0
4855,"(4, 28, 8)",0.0
4856,"(5, 28, 8)",0.0
4857,"(6, 28, 8)",0.0
4858,"(7, 28, 8)",0.0
4859,"(8, 28, 8)",0.0
4860,"(9, 28, 8)",0.0
4861,"(10, 28, 8)",0.0
4862,"(11, 28, 8)",0.0
4863,"(12, 28, 8)",0.0
4864,"(13, 28, 8)",0.0
4865,"(14, 28, 8)",0.0
4866,"(15, 28, 8)",0.0
4867,"(16, 28, 8)",0.0
4868,"(17, 28, 8)",0.0
4869,"(18, 28, 8)",0.0
4870,"(19, 28, 8)",0.0
4871,"(20, 28, 8)",0.0
4872,"(0, 29, 1)",0.0
4873,"(1, 29, 1)",0.0
4874,"(2, 29, 1)",0.0
4875,"(3, 29, 1)",0.0
4876,"(4, 29, 1)",0.0
4877,"(5, 29, 1)",0.0
4878,"(6, 29, 1)",0.0
4879,"(7, 29, 1)",0.0
4880,"(8, 29, 1)",0.0
4881,"(9, 29, 1)",0.0
4882,"(10, 29, 1)",0.0
4883,"(11, 29, 1)",0.0
4884,"(12, 29, 1)",0.0
4885,"(13, 29, 1)",0.0
4886,"(14, 29, 1)",0.0
4887,"(15, 29, 1)",0.0
4888,"(16, 29, 1)",0.0
4889,"(17, 29, 1)",0.0
4890,"(18, 29, 1)",0.0
4891,"(19, 29, 1)",0.0
4892,"(20, 29, 1)",0.0
4893,"(0, 29, 2)",0.0
4894,"(1, 29, 2)",0.0
4895,"(2, 29, 2)",0.0
4896,"(3, 29, 2)",0.0
4897,"(4, 29, 2)",0.0
4898,"(5, 29, 2)",0.0
4899,"(6, 29, 2)",0.0
4900,"(7, 29, 2)",0.0
4901,"(8, 29, 2)",0.0
4902,"(9, 29, 2)",0.0
4903,"(10, 29, 2)",0.0
4904,"(11, 29, 2)",0.0
4905,"(12, 29, 2)",0.0
4906,"(13, 29, 2)",0.0
4907,"(14, 29, 2)",0.0
4908,"(15, 29, 2)",0.0
4909,"(16, 29, 2)",0.0
4910,"(17, 29, 2)",0.0
4911,"(18, 29, 2)",0.0
4912,"(19, 29, 2)",0.0
4913,"(20, 29, 2)",0.0
4914,"(0, 29, 3)",0.0
4915,"(1, 29, 3)",0.0
4916,"(2, 29, 3)",0.0
4917,"(3, 29, 3)",0.0
4918,"(4, 29, 3)",0.0
4919,"(5, 29, 3)",0.0
4920,"(6, 29, 3)",0.0
4921,"(7, 29, 3)",0.0
4922,"(8, 29, 3)",0.0
4923,"(9, 29, 3)",0.0
4924,"(10, 29, 3)",0.0
4925,"(11, 29, 3)",0.0
4926,"(12, 29, 3)",0.0
4927,"(13, 29, 3)",0.0
4928,"(14, 29, 3)",0.0
4929,"(15, 29, 3)",0.0
4930,"(16, 29, 3)",0.0
4931,"(17, 29, 3)",0.0
4932,"(18, 29, 3)",0.0
4933,"(19, 29, 3)",0.0
4934,"(20, 29, 3)",0.0
4935,"(0, 29, 4)",0.0
4936,"(1, 29, 4)",0.0
4937,"(2, 29, 4)",0.0
4938,"(3, 29, 4)",0.0
4939,"(4, 29, 4)",0.0
4940,"(5, 29, 4)",0.0
4941,"(6, 29, 4)",0.0
4942,"(7, 29, 4)",0.0
4943,"(8, 29, 4)",0.0
4944,"(9, 29, 4)",0.0
4945,"(10, 29, 4)",0.0
4946,"(11, 29, 4)",0.0
4947,"(12, 29, 4)",0.0
4948,"(13, 29, 4)",0.0
4949,"(14, 29, 4)",0.0
4950,"(15, 29, 4)",0.0
4951,"(16, 29, 4)",0.0
4952,"(17, 29, 4)",0.0
4953,"(18, 29, 4)",0.0
4954,"(19, 29, 4)",0.0
4955,"(20, 29, 4)",0.0
4956,"(0, 29, 5)",0.0
4957,"(1, 29, 5)",0.0
4958,"(2, 29, 5)",0.0
4959,"(3, 29, 5)",0.0
4960,"(4, 29, 5)",0.0
4961,"(5, 29, 5)",0.0
4962,"(6, 29, 5)",0.0
4963,"(7, 29, 5)",0.0
4964,"(8, 29, 5)",0.0
4965,"(9, 29, 5)",0.0
4966,"(10, 29, 5)",0.0
4967,"(11, 29, 5)",0.0
4968,"(12, 29, 5)",0.0
4969,"(13, 29, 5)",0.0
4970,"(14, 29, 5)",0.0
4971,"(15, 29, 5)",0.0
4972,"(16, 29, 5)",0.0
4973,"(17, 29, 5)",0.0
4974,"(18, 29, 5)",0.0
4975,"(19, 29, 5)",0.0
4976,"(20, 29, 5)",0.0
4977,"(0, 29, 6)",0.0
4978,"(1, 29, 6)",0.0
4979,"(2, 29, 6)",0.0
4980,"(3, 29, 6)",0.0
4981,"(4, 29, 6)",0.0
4982,"(5, 29, 6)",0.0
4983,"(6, 29, 6)",0.0
4984,"(7, 29, 6)",0.0
4985,"(8, 29, 6)",0.0
4986,"(9, 29, 6)",0.0
4987,"(10, 29, 6)",0.0
4988,"(11, 29, 6)",0.0
4989,"(12, 29, 6)",0.0
4990,"(13, 29, 6)",0.0
4991,"(14, 29, 6)",0.0
4992,"(15, 29, 6)",0.0
4993,"(16, 29, 6)",0.0
4994,"(17, 29, 6)",0.0
4995,"(18, 29, 6)",0.0
4996,"(19, 29, 6)",0.0
4997,"(20, 29, 6)",0.0
4998,"(0, 29, 7)",0.0
4999,"(1, 29, 7)",0.0
5000,"(2, 29, 7)",0.0
5001,"(3, 29, 7)",0.0
5002,"(4, 29, 7)",0.0
5003,"(5, 29, 7)",0.0
5004,"(6, 29, 7)",0.0
5005,"(7, 29, 7)",0.0
5006,"(8, 29, 7)",0.0
5007,"(9, 29, 7)",0.0
5008,"(10, 29, 7)",0.0
5009,"(11, 29, 7)",0.0
5010,"(12, 29, 7)",0.0
5011,"(13, 29, 7)",0.0
5012,"(14, 29, 7)",0.0
5013,"(15, 29, 7)",0.0
5014,"(16, 29, 7)",0.0
5015,"(17, 29, 7)",0.0
5016,"(18, 29, 7)",0.0
5017,"(19, 29, 7)",0.0
5018,"(20, 29, 7)",0.0
5019,"(0, 29, 8)",0.0
5020,"(1, 29, 8)",0.0
5021,"(2, 29, 8)",0.0
5022,"(3, 29, 8)",0.0
5023,"(4, 29, 8)",0.0
5024,"(5, 29, 8)",0.0
5025,"(6, 29, 8)",0.0
5026,"(7, 29, 8)",0.0
5027,"(8, 29, 8)",0.0
5028,"(9, 29, 8)",0.0
5029,"(10, 29, 8)",0.0
5030,"(11, 29, 8)",0.0
5031,"(12, 29, 8)",0.0
5032,"(13, 29, 8)",0.0
5033,"(14, 29, 8)",0.0
5034,"(15, 29, 8)",0.0
5035,"(16, 29, 8)",0.0
5036,"(17, 29, 8)",0.0
5037,"(18, 29, 8)",0.0
5038,"(19, 29, 8)",0.0
5039,"(20, 29, 8)",0.0
5040,"(0, 30, 1)",0.0
5041,"(1, 30, 1)",0.0
5042,"(2, 30, 1)",0.0
5043,"(3, 30, 1)",0.0
5044,"(4, 30, 1)",0.0
5045,"(5, 30, 1)",0.0
5046,"(6, 30, 1)",0.0
5047,"(7, 30, 1)",0.0
5048,"(8, 30, 1)",0.0
5049,"(9, 30, 1)",0.0
5050,"(10, 30, 1)",0.0
5051,"(11, 30, 1)",0.0
5052,"(12, 30, 1)",0.0
5053,"(13, 30, 1)",0.0
5054,"(14, 30, 1)",0.0
5055,"(15, 30, 1)",0.0
5056,"(16, 30, 1)",0.0
5057,"(17, 30, 1)",0.0
5058,"(18, 30, 1)",0.0
5059,"(19, 30, 1)",0.0
5060,"(20, 30, 1)",0.0
5061,"(0, 30, 2)",0.0
5062,"(1, 30, 2)",0.0
5063,"(2, 30, 2)",0.0
5064,"(3, 30, 2)",0.0
5065,"(4, 30, 2)",0.0
5066,"(5, 30, 2)",0.0
5067,"(6, 30, 2)",0.0
5068,"(7, 30, 2)",0.0
5069,"(8, 30, 2)",0.0
5070,"(9, 30, 2)",0.0
5071,"(10, 30, 2)",0.0
5072,"(11, 30, 2)",0.0
5073,"(12, 30, 2)",0.0
5074,"(13, 30, 2)",0.0
5075,"(14, 30, 2)",0.0
5076,"(15, 30, 2)",0.0
5077,"(16, 30, 2)",0.0
5078,"(17, 30, 2)",0.0
5079,"(18, 30, 2)",0.0
5080,"(19, 30, 2)",0.0
5081,"(20, 30, 2)",0.0
5082,"(0, 30, 3)",0.0
5083,"(1, 30, 3)",0.0
5084,"(2, 30, 3)",0.0
5085,"(3, 30, 3)",0.0
5086,"(4, 30, 3)",0.0
5087,"(5, 30, 3)",0.0
5088,"(6, 30, 3)",0.0
5089,"(7, 30, 3)",0.0
5090,"(8, 30, 3)",0.0
5091,"(9, 30, 3)",0.0
5092,"(10, 30, 3)",0.0
5093,"(11, 30, 3)",0.0
5094,"(12, 30, 3)",0.0
5095,"(13, 30, 3)",0.0
5096,"(14, 30, 3)",0.0
5097,"(15, 30, 3)",0.0
5098,"(16, 30, 3)",0.0
5099,"(17, 30, 3)",0.0
5100,"(18, 30, 3)",0.0
5101,"(19, 30, 3)",0.0
5102,"(20, 30, 3)",0.0
5103,"(0, 30, 4)",0.0
5104,"(1, 30, 4)",0.0
5105,"(2, 30, 4)",0.0
5106,"(3, 30, 4)",0.0
5107,"(4, 30, 4)",0.0
5108,"(5, 30, 4)",0.0
5109,"(6, 30, 4)",0.0
5110,"(7, 30, 4)",0.0
5111,"(8, 30, 4)",0.0
5112,"(9, 30, 4)",0.0
5113,"(10, 30, 4)",0.0
5114,"(11, 30, 4)",0.0
5115,"(12, 30, 4)",0.0
5116,"(13, 30, 4)",0.0
5117,"(14, 30, 4)",0.0
5118,"(15, 30, 4)",0.0
5119,"(16, 30, 4)",0.0
5120,"(17, 30, 4)",0.0
5121,"(18, 30, 4)",0.0
5122,"(19, 30, 4)",0.0
5123,"(20, 30, 4)",0.0
5124,"(0, 30, 5)",0.0
5125,"(1, 30, 5)",0.0
5126,"(2, 30, 5)",0.0
5127,"(3, 30, 5)",0.0
5128,"(4, 30, 5)",0.0
5129,"(5, 30, 5)",0.0
5130,"(6, 30, 5)",0.0
5131,"(7, 30, 5)",0.0
5132,"(8, 30, 5)",0.0
5133,"(9, 30, 5)",0.0
5134,"(10, 30, 5)",0.0
5135,"(11, 30, 5)",0.0
5136,"(12, 30, 5)",0.0
5137,"(13, 30, 5)",0.0
5138,"(14, 30, 5)",0.0
5139,"(15, 30, 5)",0.0
5140,"(16, 30, 5)",0.0
5141,"(17, 30, 5)",0.0
5142,"(18, 30, 5)",0.0
5143,"(19, 30, 5)",0.0
5144,"(20, 30, 5)",0.0
5145,"(0, 30, 6)",0.0
5146,"(1, 30, 6)",0.0
5147,"(2, 30, 6)",0.0
5148,"(3, 30, 6)",0.0
5149,"(4, 30, 6)",0.0
5150,"(5, 30, 6)",0.0
5151,"(6, 30, 6)",0.0
5152,"(7, 30, 6)",0.0
5153,"(8, 30, 6)",0.0
5154,"(9, 30, 6)",0.0
5155,"(10, 30, 6)",0.0
5156,"(11, 30, 6)",0.0
5157,"(12, 30, 6)",0.0
5158,"(13, 30, 6)",0.0
5159,"(14, 30, 6)",0.0
5160,"(15, 30, 6)",0.0
5161,"(16, 30, 6)",0.0
5162,"(17, 30, 6)",0.0
5163,"(18, 30, 6)",0.0
5164,"(19, 30, 6)",0.0
5165,"(20, 30, 6)",0.0
5166,"(0, 30, 7)",0.0
5167,"(1, 30, 7)",0.0
5168,"(2, 30, 7)",0.0
5169,"(3, 30, 7)",0.0
5170,"(4, 30, 7)",0.0
5171,"(5, 30, 7)",0.0
5172,"(6, 30, 7)",0.0
5173,"(7, 30, 7)",0.0
5174,"(8, 30, 7)",0.0
5175,"(9, 30, 7)",0.0
5176,"(10, 30, 7)",0.0
5177,"(11, 30, 7)",0.0
5178,"(12, 30, 7)",0.0
5179,"(13, 30, 7)",0.0
5180,"(14, 30, 7)",0.0
5181,"(15, 30, 7)",0.0
5182,"(16, 30, 7)",0.0
5183,"(17, 30, 7)",0.0
5184,"(18, 30, 7)",0.0
5185,"(19, 30, 7)",0.0
5186,"(20, 30, 7)",0.0
5187,"(0, 30, 8)",0.0
5188,"(1, 30, 8)",0.0
5189,"(2, 30, 8)",0.0
5190,"(3, 30, 8)",0.0
5191,"(4, 30, 8)",0.0
5192,"(5, 30, 8)",0.0
5193,"(6, 30, 8)",0.0
5194,"(7, 30, 8)",0.0
5195,"(8, 30, 8)",0.0
5196,"(9, 30, 8)",0.0
5197,"(10, 30, 8)",0.0
5198,"(11, 30, 8)",0.0
5199,"(12, 30, 8)",0.0
5200,"(13, 30, 8)",0.0
5201,"(14, 30, 8)",0.0
5202,"(15, 30, 8)",0.0
5203,"(16, 30, 8)",0.0
5204,"(17, 30, 8)",0.0
5205,"(18, 30, 8)",0.0
5206,"(19, 30, 8)",0.0
5207,"(20, 30, 8)",0.0
5208,"(0, 31, 1)",0.0
5209,"(1, 31, 1)",0.0
5210,"(2, 31, 1)",0.0
5211,"(3, 31, 1)",0.0
5212,"(4, 31, 1)",0.0
5213,"(5, 31, 1)",0.0
5214,"(6, 31, 1)",0.0
5215,"(7, 31, 1)",0.0
5216,"(8, 31, 1)",0.0
5217,"(9, 31, 1)",0.0
5218,"(10, 31, 1)",0.0
5219,"(11, 31, 1)",0.0
5220,"(12, 31, 1)",0.0
5221,"(13, 31, 1)",0.0
5222,"(14, 31, 1)",0.0
5223,"(15, 31, 1)",0.0
5224,"(16, 31, 1)",0.0
5225,"(17, 31, 1)",0.0
5226,"(18, 31, 1)",0.0
5227,"(19, 31, 1)",0.0
5228,"(20, 31, 1)",0.0
5229,"(0, 31, 2)",0.0
5230,"(1, 31, 2)",0.0
5231,"(2, 31, 2)",0.0
5232,"(3, 31, 2)",0.0
5233,"(4, 31, 2)",0.0
5234,"(5, 31, 2)",0.0
5235,"(6, 31, 2)",0.0
5236,"(7, 31, 2)",0.0
5237,"(8, 31, 2)",0.0
5238,"(9, 31, 2)",0.0
5239,"(10, 31, 2)",0.0
5240,"(11, 31, 2)",0.0
5241,"(12, 31, 2)",0.0
5242,"(13, 31, 2)",0.0
5243,"(14, 31, 2)",0.0
5244,"(15, 31, 2)",0.0
5245,"(16, 31, 2)",0.0
5246,"(17, 31, 2)",0.0
5247,"(18, 31, 2)",0.0
5248,"(19, 31, 2)",0.0
5249,"(20, 31, 2)",0.0
5250,"(0, 31, 3)",0.0
5251,"(1, 31, 3)",0.0
5252,"(2, 31, 3)",0.0
5253,"(3, 31, 3)",0.0
5254,"(4, 31, 3)",0.0
5255,"(5, 31, 3)",0.0
5256,"(6, 31, 3)",0.0
5257,"(7, 31, 3)",0.0
5258,"(8, 31, 3)",0.0
5259,"(9, 31, 3)",0.0
5260,"(10, 31, 3)",0.0
5261,"(11, 31, 3)",0.0
5262,"(12, 31, 3)",0.0
5263,"(13, 31, 3)",0.0
5264,"(14, 31, 3)",0.0
5265,"(15, 31, 3)",0.0
5266,"(16, 31, 3)",0.0
5267,"(17, 31, 3)",0.0
5268,"(18, 31, 3)",0.0
5269,"(19, 31, 3)",0.0
5270,"(20, 31, 3)",0.0
5271,"(0, 31, 4)",0.0
5272,"(1, 31, 4)",0.0
5273,"(2, 31, 4)",0.0
5274,"(3, 31, 4)",0.0
5275,"(4, 31, 4)",0.0
5276,"(5, 31, 4)",0.0
5277,"(6, 31, 4)",0.0
5278,"(7, 31, 4)",0.0
5279,"(8, 31, 4)",0.0
5280,"(9, 31, 4)",0.0
5281,"(10, 31, 4)",0.0
5282,"(11, 31, 4)",0.0
5283,"(12, 31, 4)",0.0
5284,"(13, 31, 4)",0.0
5285,"(14, 31, 4)",0.0
5286,"(15, 31, 4)",0.0
5287,"(16, 31, 4)",0.0
5288,"(17, 31, 4)",0.0
5289,"(18, 31, 4)",0.0
5290,"(19, 31, 4)",0.0
5291,"(20, 31, 4)",0.0
5292,"(0, 31, 5)",0.0
5293,"(1, 31, 5)",0.0
5294,"(2, 31, 5)",0.0
5295,"(3, 31, 5)",0.0
5296,"(4, 31, 5)",0.0
5297,"(5, 31, 5)",0.0
5298,"(6, 31, 5)",0.0
5299,"(7, 31, 5)",0.0
5300,"(8, 31, 5)",0.0
5301,"(9, 31, 5)",0.0
5302,"(10, 31, 5)",0.0
5303,"(11, 31, 5)",0.0
5304,"(12, 31, 5)",0.0
5305,"(13, 31, 5)",0.0
5306,"(14, 31, 5)",0.0
5307,"(15, 31, 5)",0.0
5308,"(16, 31, 5)",0.0
5309,"(17, 31, 5)",0.0
5310,"(18, 31, 5)",0.0
5311,"(19, 31, 5)",0.0
5312,"(20, 31, 5)",0.0
5313,"(0, 31, 6)",0.0
5314,"(1, 31, 6)",0.0
5315,"(2, 31, 6)",0.0
5316,"(3, 31, 6)",0.0
5317,"(4, 31, 6)",0.0
5318,"(5, 31, 6)",0.0
5319,"(6, 31, 6)",0.0
5320,"(7, 31, 6)",0.0
5321,"(8, 31, 6)",0.0
5322,"(9, 31, 6)",0.0
5323,"(10, 31, 6)",0.0
5324,"(11, 31, 6)",0.0
5325,"(12, 31, 6)",0.0
5326,"(13, 31, 6)",0.0
5327,"(14, 31, 6)",0.0
5328,"(15, 31, 6)",0.0
5329,"(16, 31, 6)",0.0
5330,"(17, 31, 6)",0.0
5331,"(18, 31, 6)",0.0
5332,"(19, 31, 6)",0.0
5333,"(20, 31, 6)",0.0
5334,"(0, 31, 7)",0.0
5335,"(1, 31, 7)",0.0
5336,"(2, 31, 7)",0.0
5337,"(3, 31, 7)",0.0
5338,"(4, 31, 7)",0.0
5339,"(5, 31, 7)",0.0
5340,"(6, 31, 7)",0.0
5341,"(7, 31, 7)",0.0
5342,"(8, 31, 7)",0.0
5343,"(9, 31, 7)",0.0
5344,"(10, 31, 7)",0.0
5345,"(11, 31, 7)",0.0
5346,"(12, 31, 7)",0.0
5347,"(13, 31, 7)",0.0
5348,"(14, 31, 7)",0.0
5349,"(15, 31, 7)",0.0
5350,"(16, 31, 7)",0.0
5351,"(17, 31, 7)",0.0
5352,"(18, 31, 7)",0.0
5353,"(19, 31, 7)",0.0
5354,"(20, 31, 7)",0.0
5355,"(0, 31, 8)",0.0
5356,"(1, 31, 8)",0.0
5357,"(2, 31, 8)",0.0
5358,"(3, 31, 8)",0.0
5359,"(4, 31, 8)",0.0
5360,"(5, 31, 8)",0.0
5361,"(6, 31, 8)",0.0
5362,"(7, 31, 8)",0.0
5363,"(8, 31, 8)",0.0
5364,"(9, 31, 8)",0.0
5365,"(10, 31, 8)",0.0
5366,"(11, 31, 8)",0.0
5367,"(12, 31, 8)",0.0
5368,"(13, 31, 8)",0.0
5369,"(14, 31, 8)",0.0
5370,"(15, 31, 8)",0.0
5371,"(16, 31, 8)",0.0
5372,"(17, 31, 8)",0.0
5373,"(18, 31, 8)",0.0
5374,"(19, 31, 8)",0.0
5375,"(20, 31, 8)",0.0
5376,"(0, 32, 1)",0.0
5377,"(1, 32, 1)",0.0
5378,"(2, 32, 1)",0.0
5379,"(3, 32, 1)",0.0
5380,"(4, 32, 1)",0.0
5381,"(5, 32, 1)",0.0
5382,"(6, 32, 1)",0.0
5383,"(7, 32, 1)",0.0
5384,"(8, 32, 1)",0.0
5385,"(9, 32, 1)",0.0
5386,"(10, 32, 1)",0.0
5387,"(11, 32, 1)",0.0
5388,"(12, 32, 1)",0.0
5389,"(13, 32, 1)",0.0
5390,"(14, 32, 1)",0.0
5391,"(15, 32, 1)",0.0
5392,"(16, 32, 1)",0.0
5393,"(17, 32, 1)",0.0
5394,"(18, 32, 1)",0.0
5395,"(19, 32, 1)",0.0
5396,"(20, 32, 1)",0.0
5397,"(0, 32, 2)",2.957634137601417e-13
5398,"(1, 32, 2)",0.0
5399,"(2, 32, 2)",0.0
5400,"(3, 32, 2)",0.0
5401,"(4, 32, 2)",0.0
5402,"(5, 32, 2)",0.0
5403,"(6, 32, 2)",0.0
5404,"(7, 32, 2)",0.0
5405,"(8, 32, 2)",0.0
5406,"(9, 32, 2)",0.0
5407,"(10, 32, 2)",0.0
5408,"(11, 32, 2)",0.0
5409,"(12, 32, 2)",0.0
5410,"(13, 32, 2)",0.0
5411,"(14, 32, 2)",0.0
5412,"(15, 32, 2)",0.0
5413,"(16, 32, 2)",0.0
5414,"(17, 32, 2)",0.0
5415,"(18, 32, 2)",0.0
5416,"(19, 32, 2)",0.0
5417,"(20, 32, 2)",0.0
5418,"(0, 32, 3)",0.0
5419,"(1, 32, 3)",0.0
5420,"(2, 32, 3)",0.0
5421,"(3, 32, 3)",0.0
5422,"(4, 32, 3)",0.0
5423,"(5, 32, 3)",0.0
5424,"(6, 32, 3)",0.0
5425,"(7, 32, 3)",0.0
5426,"(8, 32, 3)",0.0
5427,"(9, 32, 3)",0.0
5428,"(10, 32, 3)",0.0
5429,"(11, 32, 3)",0.0
5430,"(12, 32, 3)",0.0
5431,"(13, 32, 3)",0.0
5432,"(14, 32, 3)",0.0
5433,"(15, 32, 3)",0.0
5434,"(16, 32, 3)",0.0
5435,"(17, 32, 3)",0.0
5436,"(18, 32, 3)",0.0
5437,"(19, 32, 3)",0.0
5438,"(20, 32, 3)",0.0
5439,"(0, 32, 4)",0.0
5440,"(1, 32, 4)",0.0
5441,"(2, 32, 4)",0.0
5442,"(3, 32, 4)",0.0
5443,"(4, 32, 4)",0.0
5444,"(5, 32, 4)",0.0
5445,"(6, 32, 4)",0.0
5446,"(7, 32, 4)",0.0
5447,"(8, 32, 4)",0.0
5448,"(9, 32, 4)",0.0
5449,"(10, 32, 4)",0.0
5450,"(11, 32, 4)",0.0
5451,"(12, 32, 4)",0.0
5452,"(13, 32, 4)",0.0
5453,"(14, 32, 4)",0.0
5454,"(15, 32, 4)",0.0
5455,"(16, 32, 4)",0.0
5456,"(17, 32, 4)",0.0
5457,"(18, 32, 4)",0.0
5458,"(19, 32, 4)",0.0
5459,"(20, 32, 4)",0.0
5460,"(0, 32, 5)",0.0
5461,"(1, 32, 5)",0.0
5462,"(2, 32, 5)",0.0
5463,"(3, 32, 5)",0.0
5464,"(4, 32, 5)",0.0
5465,"(5, 32, 5)",0.0
5466,"(6, 32, 5)",0.0
5467,"(7, 32, 5)",0.0
5468,"(8, 32, 5)",0.0
5469,"(9, 32, 5)",0.0
5470,"(10, 32, 5)",0.0
5471,"(11, 32, 5)",0.0
5472,"(12, 32, 5)",0.0
5473,"(13, 32, 5)",0.0
5474,"(14, 32, 5)",0.0
5475,"(15, 32, 5)",0.0
5476,"(16, 32, 5)",0.0
5477,"(17, 32, 5)",0.0
5478,"(18, 32, 5)",0.0
5479,"(19, 32, 5)",0.0
5480,"(20, 32, 5)",0.0
5481,"(0, 32, 6)",0.0
5482,"(1, 32, 6)",0.0
5483,"(2, 32, 6)",0.0
5484,"(3, 32, 6)",0.0
5485,"(4, 32, 6)",0.0
5486,"(5, 32, 6)",0.0
5487,"(6, 32, 6)",0.0
5488,"(7, 32, 6)",0.0
5489,"(8, 32, 6)",0.0
5490,"(9, 32, 6)",0.0
5491,"(10, 32, 6)",0.0
5492,"(11, 32, 6)",0.0
5493,"(12, 32, 6)",0.0
5494,"(13, 32, 6)",0.0
5495,"(14, 32, 6)",0.0
5496,"(15, 32, 6)",0.0
5497,"(16, 32, 6)",0.0
5498,"(17, 32, 6)",0.0
5499,"(18, 32, 6)",0.0
5500,"(19, 32, 6)",0.0
5501,"(20, 32, 6)",0.0
5502,"(0, 32, 7)",0.0
5503,"(1, 32, 7)",0.0
5504,"(2, 32, 7)",0.0
5505,"(3, 32, 7)",0.0
5506,"(4, 32, 7)",0.0
5507,"(5, 32, 7)",0.0
5508,"(6, 32, 7)",0.0
5509,"(7, 32, 7)",0.0
5510,"(8, 32, 7)",0.0
5511,"(9, 32, 7)",0.0
5512,"(10, 32, 7)",0.0
5513,"(11, 32, 7)",0.0
5514,"(12, 32, 7)",0.0
5515,"(13, 32, 7)",0.0
5516,"(14, 32, 7)",0.0
5517,"(15, 32, 7)",0.0
5518,"(16, 32, 7)",0.0
5519,"(17, 32, 7)",0.0
5520,"(18, 32, 7)",0.0
5521,"(19, 32, 7)",0.0
5522,"(20, 32, 7)",0.0
5523,"(0, 32, 8)",0.0
5524,"(1, 32, 8)",0.0
5525,"(2, 32, 8)",0.0
5526,"(3, 32, 8)",0.0
5527,"(4, 32, 8)",0.0
5528,"(5, 32, 8)",0.0
5529,"(6, 32, 8)",0.0
5530,"(7, 32, 8)",0.0
5531,"(8, 32, 8)",0.0
5532,"(9, 32, 8)",0.0
5533,"(10, 32, 8)",0.0
5534,"(11, 32, 8)",0.0
5535,"(12, 32, 8)",0.0
5536,"(13, 32, 8)",0.0
5537,"(14, 32, 8)",0.0
5538,"(15, 32, 8)",0.0
5539,"(16, 32, 8)",0.0
5540,"(17, 32, 8)",0.0
5541,"(18, 32, 8)",0.0
5542,"(19, 32, 8)",0.0
5543,"(20, 32, 8)",0.0
5544,"(0, 33, 1)",0.0
5545,"(1, 33, 1)",0.0
5546,"(2, 33, 1)",0.0
5547,"(3, 33, 1)",0.0
5548,"(4, 33, 1)",0.0
5549,"(5, 33, 1)",0.0
5550,"(6, 33, 1)",0.0
5551,"(7, 33, 1)",0.0
5552,"(8, 33, 1)",0.0
5553,"(9, 33, 1)",0.0
5554,"(10, 33, 1)",0.0
5555,"(11, 33, 1)",0.0
5556,"(12, 33, 1)",0.0
5557,"(13, 33, 1)",0.0
5558,"(14, 33, 1)",0.0
5559,"(15, 33, 1)",0.0
5560,"(16, 33, 1)",0.0
5561,"(17, 33, 1)",0.0
5562,"(18, 33, 1)",0.0
5563,"(19, 33, 1)",0.0
5564,"(20, 33, 1)",0.0
5565,"(0, 33, 2)",0.0
5566,"(1, 33, 2)",0.0
5567,"(2, 33, 2)",0.0
5568,"(3, 33, 2)",0.0
5569,"(4, 33, 2)",0.0
5570,"(5, 33, 2)",0.0
5571,"(6, 33, 2)",0.0
5572,"(7, 33, 2)",0.0
5573,"(8, 33, 2)",0.0
5574,"(9, 33, 2)",0.0
5575,"(10, 33, 2)",0.0
5576,"(11, 33, 2)",0.0
5577,"(12, 33, 2)",0.0
5578,"(13, 33, 2)",0.0
5579,"(14, 33, 2)",0.0
5580,"(15, 33, 2)",0.0
5581,"(16, 33, 2)",0.0
5582,"(17, 33, 2)",0.0
5583,"(18, 33, 2)",0.0
5584,"(19, 33, 2)",0.0
5585,"(20, 33, 2)",0.0
5586,"(0, 33, 3)",0.0
5587,"(1, 33, 3)",0.0
5588,"(2, 33, 3)",0.0
5589,"(3, 33, 3)",0.0
5590,"(4, 33, 3)",0.0
5591,"(5, 33, 3)",0.0
5592,"(6, 33, 3)",0.0
5593,"(7, 33, 3)",0.0
5594,"(8, 33, 3)",0.0
5595,"(9, 33, 3)",0.0
5596,"(10, 33, 3)",0.0
5597,"(11, 33, 3)",0.0
5598,"(12, 33, 3)",0.0
5599,"(13, 33, 3)",0.0
5600,"(14, 33, 3)",0.0
5601,"(15, 33, 3)",0.0
5602,"(16, 33, 3)",0.0
5603,"(17, 33, 3)",0.0
5604,"(18, 33, 3)",0.0
5605,"(19, 33, 3)",0.0
5606,"(20, 33, 3)",0.0
5607,"(0, 33, 4)",0.0
5608,"(1, 33, 4)",0.0
5609,"(2, 33, 4)",0.0
5610,"(3, 33, 4)",0.0
5611,"(4, 33, 4)",0.0
5612,"(5, 33, 4)",0.0
5613,"(6, 33, 4)",0.0
5614,"(7, 33, 4)",0.0
5615,"(8, 33, 4)",0.0
5616,"(9, 33, 4)",0.0
5617,"(10, 33, 4)",0.0
5618,"(11, 33, 4)",0.0
5619,"(12, 33, 4)",0.0
5620,"(13, 33, 4)",0.0
5621,"(14, 33, 4)",0.0
5622,"(15, 33, 4)",0.0
5623,"(16, 33, 4)",0.0
5624,"(17, 33, 4)",0.0
5625,"(18, 33, 4)",0.0
5626,"(19, 33, 4)",0.0
5627,"(20, 33, 4)",0.0
5628,"(0, 33, 5)",0.0
5629,"(1, 33, 5)",0.0
5630,"(2, 33, 5)",0.0
5631,"(3, 33, 5)",0.0
5632,"(4, 33, 5)",0.0
5633,"(5, 33, 5)",0.0
5634,"(6, 33, 5)",0.0
5635,"(7, 33, 5)",0.0
5636,"(8, 33, 5)",0.0
5637,"(9, 33, 5)",0.0
5638,"(10, 33, 5)",0.0
5639,"(11, 33, 5)",0.0
5640,"(12, 33, 5)",0.0
5641,"(13, 33, 5)",0.0
5642,"(14, 33, 5)",0.0
5643,"(15, 33, 5)",0.0
5644,"(16, 33, 5)",0.0
5645,"(17, 33, 5)",0.0
5646,"(18, 33, 5)",0.0
5647,"(19, 33, 5)",0.0
5648,"(20, 33, 5)",0.0
5649,"(0, 33, 6)",0.0
5650,"(1, 33, 6)",0.0
5651,"(2, 33, 6)",0.0
5652,"(3, 33, 6)",0.0
5653,"(4, 33, 6)",0.0
5654,"(5, 33, 6)",0.0
5655,"(6, 33, 6)",0.0
5656,"(7, 33, 6)",0.0
5657,"(8, 33, 6)",0.0
5658,"(9, 33, 6)",0.0
5659,"(10, 33, 6)",0.0
5660,"(11, 33, 6)",0.0
5661,"(12, 33, 6)",0.0
5662,"(13, 33, 6)",0.0
5663,"(14, 33, 6)",0.0
5664,"(15, 33, 6)",0.0
5665,"(16, 33, 6)",0.0
5666,"(17, 33, 6)",0.0
5667,"(18, 33, 6)",0.0
5668,"(19, 33, 6)",0.0
5669,"(20, 33, 6)",0.0
5670,"(0, 33, 7)",0.0
5671,"(1, 33, 7)",0.0
5672,"(2, 33, 7)",0.0
5673,"(3, 33, 7)",0.0
5674,"(4, 33, 7)",0.0
5675,"(5, 33, 7)",0.0
5676,"(6, 33, 7)",0.0
5677,"(7, 33, 7)",0.0
5678,"(8, 33, 7)",0.0
5679,"(9, 33, 7)",0.0
5680,"(10, 33, 7)",0.0
5681,"(11, 33, 7)",0.0
5682,"(12, 33, 7)",0.0
5683,"(13, 33, 7)",0.0
5684,"(14, 33, 7)",0.0
5685,"(15, 33, 7)",0.0
5686,"(16, 33, 7)",0.0
5687,"(17, 33, 7)",0.0
5688,"(18, 33, 7)",0.0
5689,"(19, 33, 7)",0.0
5690,"(20, 33, 7)",0.0
5691,"(0, 33, 8)",0.0
5692,"(1, 33, 8)",0.0
5693,"(2, 33, 8)",0.0
5694,"(3, 33, 8)",0.0
5695,"(4, 33, 8)",0.0
5696,"(5, 33, 8)",0.0
5697,"(6, 33, 8)",0.0
5698,"(7, 33, 8)",0.0
5699,"(8, 33, 8)",0.0
5700,"(9, 33, 8)",0.0
5701,"(10, 33, 8)",0.0
5702,"(11, 33, 8)",0.0
5703,"(12, 33, 8)",0.0
5704,"(13, 33, 8)",0.0
5705,"(14, 33, 8)",0.0
5706,"(15, 33, 8)",0.0
5707,"(16, 33, 8)",0.0
5708,"(17, 33, 8)",0.0
5709,"(18, 33, 8)",0.0
5710,"(19, 33, 8)",0.0
5711,"(20, 33, 8)",0.0
5712,"(0, 34, 1)",0.0
5713,"(1, 34, 1)",0.0
5714,"(2, 34, 1)",0.0
5715,"(3, 34, 1)",0.0
5716,"(4, 34, 1)",0.0
5717,"(5, 34, 1)",0.0
5718,"(6, 34, 1)",0.0
5719,"(7, 34, 1)",0.0
5720,"(8, 34, 1)",0.0
5721,"(9, 34, 1)",0.0
5722,"(10, 34, 1)",0.0
5723,"(11, 34, 1)",0.0
5724,"(12, 34, 1)",0.0
5725,"(13, 34, 1)",0.0
5726,"(14, 34, 1)",0.0
5727,"(15, 34, 1)",0.0
5728,"(16, 34, 1)",0.0
5729,"(17, 34, 1)",0.0
5730,"(18, 34, 1)",0.0
5731,"(19, 34, 1)",0.0
5732,"(20, 34, 1)",0.0
5733,"(0, 34, 2)",0.0
5734,"(1, 34, 2)",0.0
5735,"(2, 34, 2)",0.0
5736,"(3, 34, 2)",0.0
5737,"(4, 34, 2)",0.0
5738,"(5, 34, 2)",0.0
5739,"(6, 34, 2)",0.0
5740,"(7, 34, 2)",0.0
5741,"(8, 34, 2)",0.0
5742,"(9, 34, 2)",0.0
5743,"(10, 34, 2)",0.0
5744,"(11, 34, 2)",0.0
5745,"(12, 34, 2)",0.0
5746,"(13, 34, 2)",0.0
5747,"(14, 34, 2)",0.0
5748,"(15, 34, 2)",0.0
5749,"(16, 34, 2)",0.0
5750,"(17, 34, 2)",0.0
5751,"(18, 34, 2)",0.0
5752,"(19, 34, 2)",0.0
5753,"(20, 34, 2)",0.0
5754,"(0, 34, 3)",0.0
5755,"(1, 34, 3)",0.0
5756,"(2, 34, 3)",0.0
5757,"(3, 34, 3)",0.0
5758,"(4, 34, 3)",0.0
5759,"(5, 34, 3)",0.0
5760,"(6, 34, 3)",0.0
5761,"(7, 34, 3)",0.0
5762,"(8, 34, 3)",0.0
5763,"(9, 34, 3)",0.0
5764,"(10, 34, 3)",0.0
5765,"(11, 34, 3)",0.0
5766,"(12, 34, 3)",0.0
5767,"(13, 34, 3)",0.0
5768,"(14, 34, 3)",0.0
5769,"(15, 34, 3)",0.0
5770,"(16, 34, 3)",0.0
5771,"(17, 34, 3)",0.0
5772,"(18, 34, 3)",0.0
5773,"(19, 34, 3)",0.0
5774,"(20, 34, 3)",0.0
5775,"(0, 34, 4)",0.0
5776,"(1, 34, 4)",0.0
5777,"(2, 34, 4)",0.0
5778,"(3, 34, 4)",0.0
5779,"(4, 34, 4)",0.0
5780,"(5, 34, 4)",0.0
5781,"(6, 34, 4)",0.0
5782,"(7, 34, 4)",0.0
5783,"(8, 34, 4)",0.0
5784,"(9, 34, 4)",0.0
5785,"(10, 34, 4)",0.0
5786,"(11, 34, 4)",0.0
5787,"(12, 34, 4)",0.0
5788,"(13, 34, 4)",0.0
5789,"(14, 34, 4)",0.0
5790,"(15, 34, 4)",0.0
5791,"(16, 34, 4)",0.0
5792,"(17, 34, 4)",0.0
5793,"(18, 34, 4)",0.0
5794,"(19, 34, 4)",0.0
5795,"(20, 34, 4)",0.0
5796,"(0, 34, 5)",0.0
5797,"(1, 34, 5)",0.0
5798,"(2, 34, 5)",0.0
5799,"(3, 34, 5)",0.0
5800,"(4, 34, 5)",0.0
5801,"(5, 34, 5)",0.0
5802,"(6, 34, 5)",0.0
5803,"(7, 34, 5)",0.0
5804,"(8, 34, 5)",0.0
5805,"(9, 34, 5)",0.0
5806,"(10, 34, 5)",0.0
5807,"(11, 34, 5)",0.0
5808,"(12, 34, 5)",0.0
5809,"(13, 34, 5)",0.0
5810,"(14, 34, 5)",0.0
5811,"(15, 34, 5)",0.0
5812,"(16, 34, 5)",0.0
5813,"(17, 34, 5)",0.0
5814,"(18, 34, 5)",0.0
5815,"(19, 34, 5)",0.0
5816,"(20, 34, 5)",0.0
5817,"(0, 34, 6)",0.0
5818,"(1, 34, 6)",0.0
5819,"(2, 34, 6)",0.0
5820,"(3, 34, 6)",0.0
5821,"(4, 34, 6)",0.0
5822,"(5, 34, 6)",0.0
5823,"(6, 34, 6)",0.0
5824,"(7, 34, 6)",0.0
5825,"(8, 34, 6)",0.0
5826,"(9, 34, 6)",0.0
5827,"(10, 34, 6)",0.0
5828,"(11, 34, 6)",0.0
5829,"(12, 34, 6)",0.0
5830,"(13, 34, 6)",0.0
5831,"(14, 34, 6)",0.0
5832,"(15, 34, 6)",0.0
5833,"(16, 34, 6)",0.0
5834,"(17, 34, 6)",0.0
5835,"(18, 34, 6)",0.0
5836,"(19, 34, 6)",0.0
5837,"(20, 34, 6)",0.0
5838,"(0, 34, 7)",0.0
5839,"(1, 34, 7)",0.0
5840,"(2, 34, 7)",0.0
5841,"(3, 34, 7)",0.0
5842,"(4, 34, 7)",0.0
5843,"(5, 34, 7)",0.0
5844,"(6, 34, 7)",0.0
5845,"(7, 34, 7)",0.0
5846,"(8, 34, 7)",0.0
5847,"(9, 34, 7)",0.0
5848,"(10, 34, 7)",0.0
5849,"(11, 34, 7)",0.0
5850,"(12, 34, 7)",0.0
5851,"(13, 34, 7)",0.0
5852,"(14, 34, 7)",0.0
5853,"(15, 34, 7)",0.0
5854,"(16, 34, 7)",0.0
5855,"(17, 34, 7)",0.0
5856,"(18, 34, 7)",0.0
5857,"(19, 34, 7)",0.0
5858,"(20, 34, 7)",0.0
5859,"(0, 34, 8)",0.0
5860,"(1, 34, 8)",0.0
5861,"(2, 34, 8)",0.0
5862,"(3, 34, 8)",0.0
5863,"(4, 34, 8)",0.0
5864,"(5, 34, 8)",0.0
5865,"(6, 34, 8)",0.0
5866,"(7, 34, 8)",0.0
5867,"(8, 34, 8)",0.0
5868,"(9, 34, 8)",0.0
5869,"(10, 34, 8)",0.0
5870,"(11, 34, 8)",0.0
5871,"(12, 34, 8)",0.0
5872,"(13, 34, 8)",0.0
5873,"(14, 34, 8)",0.0
5874,"(15, 34, 8)",0.0
5875,"(16, 34, 8)",0.0
5876,"(17, 34, 8)",0.0
5877,"(18, 34, 8)",0.0
5878,"(19, 34, 8)",0.0
5879,"(20, 34, 8)",0.0
5880,"(0, 35, 1)",0.0
5881,"(1, 35, 1)",0.0
5882,"(2, 35, 1)",0.0
5883,"(3, 35, 1)",0.0
5884,"(4, 35, 1)",0.0
5885,"(5, 35, 1)",0.0
5886,"(6, 35, 1)",0.0
5887,"(7, 35, 1)",0.0
5888,"(8, 35, 1)",0.0
5889,"(9, 35, 1)",0.0
5890,"(10, 35, 1)",0.0
5891,"(11, 35, 1)",0.0
5892,"(12, 35, 1)",0.0
5893,"(13, 35, 1)",0.0
5894,"(14, 35, 1)",0.0
5895,"(15, 35, 1)",0.0
5896,"(16, 35, 1)",0.0
5897,"(17, 35, 1)",0.0
5898,"(18, 35, 1)",0.0
5899,"(19, 35, 1)",0.0
5900,"(20, 35, 1)",0.0
5901,"(0, 35, 2)",0.0
5902,"(1, 35, 2)",0.0
5903,"(2, 35, 2)",0.0
5904,"(3, 35, 2)",0.0
5905,"(4, 35, 2)",0.0
5906,"(5, 35, 2)",0.0
5907,"(6, 35, 2)",0.0
5908,"(7, 35, 2)",0.0
5909,"(8, 35, 2)",0.0
5910,"(9, 35, 2)",0.0
5911,"(10, 35, 2)",0.0
5912,"(11, 35, 2)",0.0
5913,"(12, 35, 2)",0.0
5914,"(13, 35, 2)",0.0
5915,"(14, 35, 2)",0.0
5916,"(15, 35, 2)",0.0
5917,"(16, 35, 2)",0.0
5918,"(17, 35, 2)",0.0
5919,"(18, 35, 2)",0.0
5920,"(19, 35, 2)",0.0
5921,"(20, 35, 2)",0.0
5922,"(0, 35, 3)",0.0
5923,"(1, 35, 3)",0.0
5924,"(2, 35, 3)",0.0
5925,"(3, 35, 3)",0.0
5926,"(4, 35, 3)",0.0
5927,"(5, 35, 3)",0.0
5928,"(6, 35, 3)",0.0
5929,"(7, 35, 3)",0.0
5930,"(8, 35, 3)",0.0
5931,"(9, 35, 3)",0.0
5932,"(10, 35, 3)",0.0
5933,"(11, 35, 3)",0.0
5934,"(12, 35, 3)",0.0
5935,"(13, 35, 3)",0.0
5936,"(14, 35, 3)",0.0
5937,"(15, 35, 3)",0.0
5938,"(16, 35, 3)",0.0
5939,"(17, 35, 3)",0.0
5940,"(18, 35, 3)",0.0
5941,"(19, 35, 3)",0.0
5942,"(20, 35, 3)",0.0
5943,"(0, 35, 4)",0.0
5944,"(1, 35, 4)",0.0
5945,"(2, 35, 4)",0.0
5946,"(3, 35, 4)",0.0
5947,"(4, 35, 4)",0.0
5948,"(5, 35, 4)",0.0
5949,"(6, 35, 4)",0.0
5950,"(7, 35, 4)",0.0
5951,"(8, 35, 4)",0.0
5952,"(9, 35, 4)",0.0
5953,"(10, 35, 4)",0.0
5954,"(11, 35, 4)",0.0
5955,"(12, 35, 4)",0.0
5956,"(13, 35, 4)",0.0
5957,"(14, 35, 4)",0.0
5958,"(15, 35, 4)",0.0
5959,"(16, 35, 4)",0.0
5960,"(17, 35, 4)",0.0
5961,"(18, 35, 4)",0.0
5962,"(19, 35, 4)",0.0
5963,"(20, 35, 4)",0.0
5964,"(0, 35, 5)",0.0
5965,"(1, 35, 5)",0.0
5966,"(2, 35, 5)",0.0
5967,"(3, 35, 5)",0.0
5968,"(4, 35, 5)",0.0
5969,"(5, 35, 5)",0.0
5970,"(6, 35, 5)",0.0
5971,"(7, 35, 5)",0.0
5972,"(8, 35, 5)",0.0
5973,"(9, 35, 5)",0.0
5974,"(10, 35, 5)",0.0
5975,"(11, 35, 5)",0.0
5976,"(12, 35, 5)",0.0
5977,"(13, 35, 5)",0.0
5978,"(14, 35, 5)",0.0
5979,"(15, 35, 5)",0.0
5980,"(16, 35, 5)",0.0
5981,"(17, 35, 5)",0.0
5982,"(18, 35, 5)",0.0
5983,"(19, 35, 5)",0.0
5984,"(20, 35, 5)",0.0
5985,"(0, 35, 6)",0.0
5986,"(1, 35, 6)",0.0
5987,"(2, 35, 6)",0.0
5988,"(3, 35, 6)",0.0
5989,"(4, 35, 6)",0.0
5990,"(5, 35, 6)",0.0
5991,"(6, 35, 6)",0.0
5992,"(7, 35, 6)",0.0
5993,"(8, 35, 6)",0.0
5994,"(9, 35, 6)",0.0
5995,"(10, 35, 6)",0.0
5996,"(11, 35, 6)",0.0
5997,"(12, 35, 6)",0.0
5998,"(13, 35, 6)",0.0
5999,"(14, 35, 6)",0.0
6000,"(15, 35, 6)",0.0
6001,"(16, 35, 6)",0.0
6002,"(17, 35, 6)",0.0
6003,"(18, 35, 6)",0.0
6004,"(19, 35, 6)",0.0
6005,"(20, 35, 6)",0.0
6006,"(0, 35, 7)",0.0
6007,"(1, 35, 7)",0.0
6008,"(2, 35, 7)",0.0
6009,"(3, 35, 7)",0.0
6010,"(4, 35, 7)",0.0
6011,"(5, 35, 7)",0.0
6012,"(6, 35, 7)",0.0
6013,"(7, 35, 7)",0.0
6014,"(8, 35, 7)",0.0
6015,"(9, 35, 7)",0.0
6016,"(10, 35, 7)",0.0
6017,"(11, 35, 7)",0.0
6018,"(12, 35, 7)",0.0
6019,"(13, 35, 7)",0.0
6020,"(14, 35, 7)",0.0
6021,"(15, 35, 7)",0.0
6022,"(16, 35, 7)",0.0
6023,"(17, 35, 7)",0.0
6024,"(18, 35, 7)",0.0
6025,"(19, 35, 7)",0.0
6026,"(20, 35, 7)",0.0
6027,"(0, 35, 8)",0.0
6028,"(1, 35, 8)",0.0
6029,"(2, 35, 8)",0.0
6030,"(3, 35, 8)",0.0
6031,"(4, 35, 8)",0.0
6032,"(5, 35, 8)",0.0
6033,"(6, 35, 8)",0.0
6034,"(7, 35, 8)",0.0
6035,"(8, 35, 8)",0.0
6036,"(9, 35, 8)",0.0
6037,"(10, 35, 8)",0.0
6038,"(11, 35, 8)",0.0
6039,"(12, 35, 8)",0.0
6040,"(13, 35, 8)",0.0
6041,"(14, 35, 8)",0.0
6042,"(15, 35, 8)",0.0
6043,"(16, 35, 8)",0.0
6044,"(17, 35, 8)",0.0
6045,"(18, 35, 8)",0.0
6046,"(19, 35, 8)",0.0
6047,"(20, 35, 8)",0.0
6048,"(0, 36, 1)",0.0
6049,"(1, 36, 1)",0.0
6050,"(2, 36, 1)",0.0
6051,"(3, 36, 1)",0.0
6052,"(4, 36, 1)",0.0
6053,"(5, 36, 1)",0.0
6054,"(6, 36, 1)",0.0
6055,"(7, 36, 1)",0.0
6056,"(8, 36, 1)",0.0
6057,"(9, 36, 1)",0.0
6058,"(10, 36, 1)",0.0
6059,"(11, 36, 1)",0.0
6060,"(12, 36, 1)",0.0
6061,"(13, 36, 1)",0.0
6062,"(14, 36, 1)",0.0
6063,"(15, 36, 1)",0.0
6064,"(16, 36, 1)",0.0
6065,"(17, 36, 1)",0.0
6066,"(18, 36, 1)",0.0
6067,"(19, 36, 1)",0.0
6068,"(20, 36, 1)",0.0
6069,"(0, 36, 2)",0.0
6070,"(1, 36, 2)",0.0
6071,"(2, 36, 2)",0.0
6072,"(3, 36, 2)",0.0
6073,"(4, 36, 2)",0.0
6074,"(5, 36, 2)",0.0
6075,"(6, 36, 2)",0.0
6076,"(7, 36, 2)",0.0
6077,"(8, 36, 2)",0.0
6078,"(9, 36, 2)",0.0
6079,"(10, 36, 2)",0.0
6080,"(11, 36, 2)",0.0
6081,"(12, 36, 2)",0.0
6082,"(13, 36, 2)",0.0
6083,"(14, 36, 2)",0.0
6084,"(15, 36, 2)",0.0
6085,"(16, 36, 2)",0.0
6086,"(17, 36, 2)",0.0
6087,"(18, 36, 2)",0.0
6088,"(19, 36, 2)",0.0
6089,"(20, 36, 2)",0.0
6090,"(0, 36, 3)",0.0
6091,"(1, 36, 3)",0.0
6092,"(2, 36, 3)",0.0
6093,"(3, 36, 3)",0.0
6094,"(4, 36, 3)",0.0
6095,"(5, 36, 3)",0.0
6096,"(6, 36, 3)",0.0
6097,"(7, 36, 3)",0.0
6098,"(8, 36, 3)",0.0
6099,"(9, 36, 3)",0.0
6100,"(10, 36, 3)",0.0
6101,"(11, 36, 3)",0.0
6102,"(12, 36, 3)",0.0
6103,"(13, 36, 3)",0.0
6104,"(14, 36, 3)",0.0
6105,"(15, 36, 3)",0.0
6106,"(16, 36, 3)",0.0
6107,"(17, 36, 3)",0.0
6108,"(18, 36, 3)",0.0
6109,"(19, 36, 3)",0.0
6110,"(20, 36, 3)",0.0
6111,"(0, 36, 4)",0.0
6112,"(1, 36, 4)",0.0
6113,"(2, 36, 4)",0.0
6114,"(3, 36, 4)",0.0
6115,"(4, 36, 4)",0.0
6116,"(5, 36, 4)",0.0
6117,"(6, 36, 4)",0.0
6118,"(7, 36, 4)",0.0
6119,"(8, 36, 4)",0.0
6120,"(9, 36, 4)",0.0
6121,"(10, 36, 4)",0.0
6122,"(11, 36, 4)",0.0
6123,"(12, 36, 4)",0.0
6124,"(13, 36, 4)",0.0
6125,"(14, 36, 4)",0.0
6126,"(15, 36, 4)",0.0
6127,"(16, 36, 4)",0.0
6128,"(17, 36, 4)",0.0
6129,"(18, 36, 4)",0.0
6130,"(19, 36, 4)",0.0
6131,"(20, 36, 4)",0.0
6132,"(0, 36, 5)",0.0
6133,"(1, 36, 5)",0.0
6134,"(2, 36, 5)",0.0
6135,"(3, 36, 5)",0.0
6136,"(4, 36, 5)",0.0
6137,"(5, 36, 5)",0.0
6138,"(6, 36, 5)",0.0
6139,"(7, 36, 5)",0.0
6140,"(8, 36, 5)",0.0
6141,"(9, 36, 5)",0.0
6142,"(10, 36, 5)",0.0
6143,"(11, 36, 5)",0.0
6144,"(12, 36, 5)",0.0
6145,"(13, 36, 5)",0.0
6146,"(14, 36, 5)",0.0
6147,"(15, 36, 5)",0.0
6148,"(16, 36, 5)",0.0
6149,"(17, 36, 5)",0.0
6150,"(18, 36, 5)",0.0
6151,"(19, 36, 5)",0.0
6152,"(20, 36, 5)",0.0
6153,"(0, 36, 6)",0.0
6154,"(1, 36, 6)",0.0
6155,"(2, 36, 6)",0.0
6156,"(3, 36, 6)",0.0
6157,"(4, 36, 6)",0.0
6158,"(5, 36, 6)",0.0
6159,"(6, 36, 6)",0.0
6160,"(7, 36, 6)",0.0
6161,"(8, 36, 6)",0.0
6162,"(9, 36, 6)",0.0
6163,"(10, 36, 6)",0.0
6164,"(11, 36, 6)",0.0
6165,"(12, 36, 6)",0.0
6166,"(13, 36, 6)",0.0
6167,"(14, 36, 6)",0.0
6168,"(15, 36, 6)",0.0
6169,"(16, 36, 6)",0.0
6170,"(17, 36, 6)",0.0
6171,"(18, 36, 6)",0.0
6172,"(19, 36, 6)",0.0
6173,"(20, 36, 6)",0.0
6174,"(0, 36, 7)",0.0
6175,"(1, 36, 7)",0.0
6176,"(2, 36, 7)",0.0
6177,"(3, 36, 7)",0.0
6178,"(4, 36, 7)",0.0
6179,"(5, 36, 7)",0.0
6180,"(6, 36, 7)",0.0
6181,"(7, 36, 7)",0.0
6182,"(8, 36, 7)",0.0
6183,"(9, 36, 7)",0.0
6184,"(10, 36, 7)",0.0
6185,"(11, 36, 7)",0.0
6186,"(12, 36, 7)",0.0
6187,"(13, 36, 7)",0.0
6188,"(14, 36, 7)",0.0
6189,"(15, 36, 7)",0.0
6190,"(16, 36, 7)",0.0
6191,"(17, 36, 7)",0.0
6192,"(18, 36, 7)",0.0
6193,"(19, 36, 7)",0.0
6194,"(20, 36, 7)",0.0
6195,"(0, 36, 8)",0.0
6196,"(1, 36, 8)",0.0
6197,"(2, 36, 8)",0.0
6198,"(3, 36, 8)",0.0
6199,"(4, 36, 8)",0.0
6200,"(5, 36, 8)",0.0
6201,"(6, 36, 8)",0.0
6202,"(7, 36, 8)",0.0
6203,"(8, 36, 8)",0.0
6204,"(9, 36, 8)",0.0
6205,"(10, 36, 8)",0.0
6206,"(11, 36, 8)",0.0
6207,"(12, 36, 8)",0.0
6208,"(13, 36, 8)",0.0
6209,"(14, 36, 8)",0.0
6210,"(15, 36, 8)",0.0
6211,"(16, 36, 8)",0.0
6212,"(17, 36, 8)",0.0
6213,"(18, 36, 8)",0.0
6214,"(19, 36, 8)",0.0
6215,"(20, 36, 8)",0.0
6216,"(0, 37, 1)",0.0
6217,"(1, 37, 1)",0.0
6218,"(2, 37, 1)",0.0
6219,"(3, 37, 1)",0.0
6220,"(4, 37, 1)",0.0
6221,"(5, 37, 1)",0.0
6222,"(6, 37, 1)",0.0
6223,"(7, 37, 1)",0.0
6224,"(8, 37, 1)",0.0
6225,"(9, 37, 1)",0.0
6226,"(10, 37, 1)",0.0
6227,"(11, 37, 1)",0.0
6228,"(12, 37, 1)",0.0
6229,"(13, 37, 1)",0.0
6230,"(14, 37, 1)",0.0
6231,"(15, 37, 1)",0.0
6232,"(16, 37, 1)",0.0
6233,"(17, 37, 1)",0.0
6234,"(18, 37, 1)",0.0
6235,"(19, 37, 1)",0.0
6236,"(20, 37, 1)",0.0
6237,"(0, 37, 2)",0.0
6238,"(1, 37, 2)",0.0
6239,"(2, 37, 2)",0.0
6240,"(3, 37, 2)",0.0
6241,"(4, 37, 2)",0.0
6242,"(5, 37, 2)",0.0
6243,"(6, 37, 2)",0.0
6244,"(7, 37, 2)",0.0
6245,"(8, 37, 2)",0.0
6246,"(9, 37, 2)",0.0
6247,"(10, 37, 2)",0.0
6248,"(11, 37, 2)",0.0
6249,"(12, 37, 2)",0.0
6250,"(13, 37, 2)",0.0
6251,"(14, 37, 2)",0.0
6252,"(15, 37, 2)",0.0
6253,"(16, 37, 2)",0.0
6254,"(17, 37, 2)",0.0
6255,"(18, 37, 2)",0.0
6256,"(19, 37, 2)",0.0
6257,"(20, 37, 2)",0.0
6258,"(0, 37, 3)",0.0
6259,"(1, 37, 3)",0.0
6260,"(2, 37, 3)",0.0
6261,"(3, 37, 3)",0.0
6262,"(4, 37, 3)",0.0
6263,"(5, 37, 3)",0.0
6264,"(6, 37, 3)",0.0
6265,"(7, 37, 3)",0.0
6266,"(8, 37, 3)",0.0
6267,"(9, 37, 3)",0.0
6268,"(10, 37, 3)",0.0
6269,"(11, 37, 3)",0.0
6270,"(12, 37, 3)",0.0
6271,"(13, 37, 3)",0.0
6272,"(14, 37, 3)",0.0
6273,"(15, 37, 3)",0.0
6274,"(16, 37, 3)",0.0
6275,"(17, 37, 3)",0.0
6276,"(18, 37, 3)",0.0
6277,"(19, 37, 3)",0.0
6278,"(20, 37, 3)",0.0
6279,"(0, 37, 4)",0.0
6280,"(1, 37, 4)",0.0
6281,"(2, 37, 4)",0.0
6282,"(3, 37, 4)",0.0
6283,"(4, 37, 4)",0.0
6284,"(5, 37, 4)",0.0
6285,"(6, 37, 4)",0.0
6286,"(7, 37, 4)",0.0
6287,"(8, 37, 4)",0.0
6288,"(9, 37, 4)",0.0
6289,"(10, 37, 4)",0.0
6290,"(11, 37, 4)",0.0
6291,"(12, 37, 4)",0.0
6292,"(13, 37, 4)",0.0
6293,"(14, 37, 4)",0.0
6294,"(15, 37, 4)",0.0
6295,"(16, 37, 4)",0.0
6296,"(17, 37, 4)",0.0
6297,"(18, 37, 4)",0.0
6298,"(19, 37, 4)",0.0
6299,"(20, 37, 4)",0.0
6300,"(0, 37, 5)",0.0
6301,"(1, 37, 5)",0.0
6302,"(2, 37, 5)",0.0
6303,"(3, 37, 5)",0.0
6304,"(4, 37, 5)",0.0
6305,"(5, 37, 5)",0.0
6306,"(6, 37, 5)",0.0
6307,"(7, 37, 5)",0.0
6308,"(8, 37, 5)",0.0
6309,"(9, 37, 5)",0.0
6310,"(10, 37, 5)",0.0
6311,"(11, 37, 5)",0.0
6312,"(12, 37, 5)",0.0
6313,"(13, 37, 5)",0.0
6314,"(14, 37, 5)",0.0
6315,"(15, 37, 5)",0.0
6316,"(16, 37, 5)",0.0
6317,"(17, 37, 5)",0.0
6318,"(18, 37, 5)",0.0
6319,"(19, 37, 5)",0.0
6320,"(20, 37, 5)",0.0
6321,"(0, 37, 6)",0.0
6322,"(1, 37, 6)",0.0
6323,"(2, 37, 6)",0.0
6324,"(3, 37, 6)",0.0
6325,"(4, 37, 6)",0.0
6326,"(5, 37, 6)",0.0
6327,"(6, 37, 6)",0.0
6328,"(7, 37, 6)",0.0
6329,"(8, 37, 6)",0.0
6330,"(9, 37, 6)",0.0
6331,"(10, 37, 6)",0.0
6332,"(11, 37, 6)",0.0
6333,"(12, 37, 6)",0.0
6334,"(13, 37, 6)",0.0
6335,"(14, 37, 6)",0.0
6336,"(15, 37, 6)",0.0
6337,"(16, 37, 6)",0.0
6338,"(17, 37, 6)",0.0
6339,"(18, 37, 6)",0.0
6340,"(19, 37, 6)",0.0
6341,"(20, 37, 6)",0.0
6342,"(0, 37, 7)",0.0
6343,"(1, 37, 7)",0.0
6344,"(2, 37, 7)",0.0
6345,"(3, 37, 7)",0.0
6346,"(4, 37, 7)",0.0
6347,"(5, 37, 7)",0.0
6348,"(6, 37, 7)",0.0
6349,"(7, 37, 7)",0.0
6350,"(8, 37, 7)",0.0
6351,"(9, 37, 7)",0.0
6352,"(10, 37, 7)",0.0
6353,"(11, 37, 7)",0.0
6354,"(12, 37, 7)",0.0
6355,"(13, 37, 7)",0.0
6356,"(14, 37, 7)",0.0
6357,"(15, 37, 7)",0.0
6358,"(16, 37, 7)",0.0
6359,"(17, 37, 7)",0.0
6360,"(18, 37, 7)",0.0
6361,"(19, 37, 7)",0.0
6362,"(20, 37, 7)",0.0
6363,"(0, 37, 8)",0.0
6364,"(1, 37, 8)",0.0
6365,"(2, 37, 8)",0.0
6366,"(3, 37, 8)",0.0
6367,"(4, 37, 8)",0.0
6368,"(5, 37, 8)",0.0
6369,"(6, 37, 8)",0.0
6370,"(7, 37, 8)",0.0
6371,"(8, 37, 8)",0.0
6372,"(9, 37, 8)",0.0
6373,"(10, 37, 8)",0.0
6374,"(11, 37, 8)",0.0
6375,"(12, 37, 8)",0.0
6376,"(13, 37, 8)",0.0
6377,"(14, 37, 8)",0.0
6378,"(15, 37, 8)",0.0
6379,"(16, 37, 8)",0.0
6380,"(17, 37, 8)",0.0
6381,"(18, 37, 8)",0.0
6382,"(19, 37, 8)",0.0
6383,"(20, 37, 8)",0.0
6384,"(0, 38, 1)",0.0
6385,"(1, 38, 1)",0.0
6386,"(2, 38, 1)",0.0
6387,"(3, 38, 1)",0.0
6388,"(4, 38, 1)",0.0
6389,"(5, 38, 1)",0.0
6390,"(6, 38, 1)",0.0
6391,"(7, 38, 1)",0.0
6392,"(8, 38, 1)",0.0
6393,"(9, 38, 1)",0.0
6394,"(10, 38, 1)",0.0
6395,"(11, 38, 1)",0.0
6396,"(12, 38, 1)",0.0
6397,"(13, 38, 1)",0.0
6398,"(14, 38, 1)",0.0
6399,"(15, 38, 1)",0.0
6400,"(16, 38, 1)",0.0
6401,"(17, 38, 1)",0.0
6402,"(18, 38, 1)",0.0
6403,"(19, 38, 1)",0.0
6404,"(20, 38, 1)",0.0
6405,"(0, 38, 2)",0.0
6406,"(1, 38, 2)",0.0
6407,"(2, 38, 2)",0.0
6408,"(3, 38, 2)",0.0
6409,"(4, 38, 2)",0.0
6410,"(5, 38, 2)",0.0
6411,"(6, 38, 2)",0.0
6412,"(7, 38, 2)",0.0
6413,"(8, 38, 2)",0.0
6414,"(9, 38, 2)",0.0
6415,"(10, 38, 2)",0.0
6416,"(11, 38, 2)",0.0
6417,"(12, 38, 2)",0.0
6418,"(13, 38, 2)",0.0
6419,"(14, 38, 2)",0.0
6420,"(15, 38, 2)",0.0
6421,"(16, 38, 2)",0.0
6422,"(17, 38, 2)",0.0
6423,"(18, 38, 2)",0.0
6424,"(19, 38, 2)",0.0
6425,"(20, 38, 2)",0.0
6426,"(0, 38, 3)",0.0
6427,"(1, 38, 3)",0.0
6428,"(2, 38, 3)",0.0
6429,"(3, 38, 3)",0.0
6430,"(4, 38, 3)",0.0
6431,"(5, 38, 3)",0.0
6432,"(6, 38, 3)",0.0
6433,"(7, 38, 3)",0.0
6434,"(8, 38, 3)",0.0
6435,"(9, 38, 3)",0.0
6436,"(10, 38, 3)",0.0
6437,"(11, 38, 3)",0.0
6438,"(12, 38, 3)",0.0
6439,"(13, 38, 3)",0.0
6440,"(14, 38, 3)",0.0
6441,"(15, 38, 3)",0.0
6442,"(16, 38, 3)",0.0
6443,"(17, 38, 3)",0.0
6444,"(18, 38, 3)",0.0
6445,"(19, 38, 3)",0.0
6446,"(20, 38, 3)",0.0
6447,"(0, 38, 4)",0.0
6448,"(1, 38, 4)",0.0
6449,"(2, 38, 4)",0.0
6450,"(3, 38, 4)",0.0
6451,"(4, 38, 4)",0.0
6452,"(5, 38, 4)",0.0
6453,"(6, 38, 4)",0.0
6454,"(7, 38, 4)",0.0
6455,"(8, 38, 4)",0.0
6456,"(9, 38, 4)",0.0
6457,"(10, 38, 4)",0.0
6458,"(11, 38, 4)",0.0
6459,"(12, 38, 4)",0.0
6460,"(13, 38, 4)",0.0
6461,"(14, 38, 4)",0.0
6462,"(15, 38, 4)",0.0
6463,"(16, 38, 4)",0.0
6464,"(17, 38, 4)",0.0
6465,"(18, 38, 4)",0.0
6466,"(19, 38, 4)",0.0
6467,"(20, 38, 4)",0.0
6468,"(0, 38, 5)",0.0
6469,"(1, 38, 5)",0.0
6470,"(2, 38, 5)",0.0
6471,"(3, 38, 5)",0.0
6472,"(4, 38, 5)",0.0
6473,"(5, 38, 5)",0.0
6474,"(6, 38, 5)",0.0
6475,"(7, 38, 5)",0.0
6476,"(8, 38, 5)",0.0
6477,"(9, 38, 5)",0.0
6478,"(10, 38, 5)",0.0
6479,"(11, 38, 5)",0.0
6480,"(12, 38, 5)",0.0
6481,"(13, 38, 5)",0.0
6482,"(14, 38, 5)",0.0
6483,"(15, 38, 5)",0.0
6484,"(16, 38, 5)",0.0
6485,"(17, 38, 5)",0.0
6486,"(18, 38, 5)",0.0
6487,"(19, 38, 5)",0.0
6488,"(20, 38, 5)",0.0
6489,"(0, 38, 6)",0.0
6490,"(1, 38, 6)",0.0
6491,"(2, 38, 6)",0.0
6492,"(3, 38, 6)",0.0
6493,"(4, 38, 6)",0.0
6494,"(5, 38, 6)",0.0
6495,"(6, 38, 6)",0.0
6496,"(7, 38, 6)",0.0
6497,"(8, 38, 6)",0.0
6498,"(9, 38, 6)",0.0
6499,"(10, 38, 6)",0.0
6500,"(11, 38, 6)",0.0
6501,"(12, 38, 6)",0.0
6502,"(13, 38, 6)",0.0
6503,"(14, 38, 6)",0.0
6504,"(15, 38, 6)",0.0
6505,"(16, 38, 6)",0.0
6506,"(17, 38, 6)",0.0
6507,"(18, 38, 6)",0.0
6508,"(19, 38, 6)",0.0
6509,"(20, 38, 6)",0.0
6510,"(0, 38, 7)",0.0
6511,"(1, 38, 7)",0.0
6512,"(2, 38, 7)",0.0
6513,"(3, 38, 7)",0.0
6514,"(4, 38, 7)",0.0
6515,"(5, 38, 7)",0.0
6516,"(6, 38, 7)",0.0
6517,"(7, 38, 7)",0.0
6518,"(8, 38, 7)",0.0
6519,"(9, 38, 7)",0.0
6520,"(10, 38, 7)",0.0
6521,"(11, 38, 7)",0.0
6522,"(12, 38, 7)",0.0
6523,"(13, 38, 7)",0.0
6524,"(14, 38, 7)",0.0
6525,"(15, 38, 7)",0.0
6526,"(16, 38, 7)",0.0
6527,"(17, 38, 7)",0.0
6528,"(18, 38, 7)",0.0
6529,"(19, 38, 7)",0.0
6530,"(20, 38, 7)",0.0
6531,"(0, 38, 8)",0.0
6532,"(1, 38, 8)",0.0
6533,"(2, 38, 8)",0.0
6534,"(3, 38, 8)",0.0
6535,"(4, 38, 8)",0.0
6536,"(5, 38, 8)",0.0
6537,"(6, 38, 8)",0.0
6538,"(7, 38, 8)",0.0
6539,"(8, 38, 8)",0.0
6540,"(9, 38, 8)",0.0
6541,"(10, 38, 8)",0.0
6542,"(11, 38, 8)",0.0
6543,"(12, 38, 8)",0.0
6544,"(13, 38, 8)",0.0
6545,"(14, 38, 8)",0.0
6546,"(15, 38, 8)",0.0
6547,"(16, 38, 8)",0.0
6548,"(17, 38, 8)",0.0
6549,"(18, 38, 8)",0.0
6550,"(19, 38, 8)",0.0
6551,"(20, 38, 8)",0.0
6552,"(0, 39, 1)",0.0
6553,"(1, 39, 1)",0.0
6554,"(2, 39, 1)",0.0
6555,"(3, 39, 1)",0.0
6556,"(4, 39, 1)",0.0
6557,"(5, 39, 1)",0.0
6558,"(6, 39, 1)",0.0
6559,"(7, 39, 1)",0.0
6560,"(8, 39, 1)",0.0
6561,"(9, 39, 1)",0.0
6562,"(10, 39, 1)",0.0
6563,"(11, 39, 1)",0.0
6564,"(12, 39, 1)",-1.7763568394002505e-15
6565,"(13, 39, 1)",0.0
6566,"(14, 39, 1)",0.0
6567,"(15, 39, 1)",0.0
6568,"(16, 39, 1)",0.0
6569,"(17, 39, 1)",0.0
6570,"(18, 39, 1)",0.0
6571,"(19, 39, 1)",0.0
6572,"(20, 39, 1)",0.0
6573,"(0, 39, 2)",0.0
6574,"(1, 39, 2)",0.0
6575,"(2, 39, 2)",0.0
6576,"(3, 39, 2)",0.0
6577,"(4, 39, 2)",0.0
6578,"(5, 39, 2)",0.0
6579,"(6, 39, 2)",0.0
6580,"(7, 39, 2)",0.0
6581,"(8, 39, 2)",0.0
6582,"(9, 39, 2)",0.0
6583,"(10, 39, 2)",0.0
6584,"(11, 39, 2)",0.0
6585,"(12, 39, 2)",0.0
6586,"(13, 39, 2)",0.0
6587,"(14, 39, 2)",0.0
6588,"(15, 39, 2)",0.0
6589,"(16, 39, 2)",0.0
6590,"(17, 39, 2)",0.0
6591,"(18, 39, 2)",0.0
6592,"(19, 39, 2)",0.0
6593,"(20, 39, 2)",0.0
6594,"(0, 39, 3)",0.0
6595,"(1, 39, 3)",0.0
6596,"(2, 39, 3)",0.0
6597,"(3, 39, 3)",0.0
6598,"(4, 39, 3)",0.0
6599,"(5, 39, 3)",0.0
6600,"(6, 39, 3)",0.0
6601,"(7, 39, 3)",0.0
6602,"(8, 39, 3)",0.0
6603,"(9, 39, 3)",0.0
6604,"(10, 39, 3)",0.0
6605,"(11, 39, 3)",0.0
6606,"(12, 39, 3)",0.0
6607,"(13, 39, 3)",0.0
6608,"(14, 39, 3)",0.0
6609,"(15, 39, 3)",0.0
6610,"(16, 39, 3)",0.0
6611,"(17, 39, 3)",0.0
6612,"(18, 39, 3)",0.0
6613,"(19, 39, 3)",0.0
6614,"(20, 39, 3)",0.0
6615,"(0, 39, 4)",0.0
6616,"(1, 39, 4)",0.0
6617,"(2, 39, 4)",0.0
6618,"(3, 39, 4)",0.0
6619,"(4, 39, 4)",0.0
6620,"(5, 39, 4)",0.0
6621,"(6, 39, 4)",0.0
6622,"(7, 39, 4)",0.0
6623,"(8, 39, 4)",0.0
6624,"(9, 39, 4)",0.0
6625,"(10, 39, 4)",0.0
6626,"(11, 39, 4)",0.0
6627,"(12, 39, 4)",0.0
6628,"(13, 39, 4)",0.0
6629,"(14, 39, 4)",0.0
6630,"(15, 39, 4)",0.0
6631,"(16, 39, 4)",0.0
6632,"(17, 39, 4)",0.0
6633,"(18, 39, 4)",0.0
6634,"(19, 39, 4)",0.0
6635,"(20, 39, 4)",0.0
6636,"(0, 39, 5)",0.0
6637,"(1, 39, 5)",0.0
6638,"(2, 39, 5)",0.0
6639,"(3, 39, 5)",0.0
6640,"(4, 39, 5)",0.0
6641,"(5, 39, 5)",0.0
6642,"(6, 39, 5)",0.0
6643,"(7, 39, 5)",0.0
6644,"(8, 39, 5)",0.0
6645,"(9, 39, 5)",0.0
6646,"(10, 39, 5)",0.0
6647,"(11, 39, 5)",0.0
6648,"(12, 39, 5)",0.0
6649,"(13, 39, 5)",0.0
6650,"(14, 39, 5)",0.0
6651,"(15, 39, 5)",0.0
6652,"(16, 39, 5)",0.0
6653,"(17, 39, 5)",0.0
6654,"(18, 39, 5)",0.0
6655,"(19, 39, 5)",0.0
6656,"(20, 39, 5)",0.0
6657,"(0, 39, 6)",0.0
6658,"(1, 39, 6)",0.0
6659,"(2, 39, 6)",0.0
6660,"(3, 39, 6)",0.0
6661,"(4, 39, 6)",0.0
6662,"(5, 39, 6)",0.0
6663,"(6, 39, 6)",0.0
6664,"(7, 39, 6)",0.0
6665,"(8, 39, 6)",0.0
6666,"(9, 39, 6)",0.0
6667,"(10, 39, 6)",0.0
6668,"(11, 39, 6)",0.0
6669,"(12, 39, 6)",0.0
6670,"(13, 39, 6)",0.0
6671,"(14, 39, 6)",0.0
6672,"(15, 39, 6)",0.0
6673,"(16, 39, 6)",0.0
6674,"(17, 39, 6)",0.0
6675,"(18, 39, 6)",0.0
6676,"(19, 39, 6)",0.0
6677,"(20, 39, 6)",0.0
6678,"(0, 39, 7)",0.0
6679,"(1, 39, 7)",0.0
6680,"(2, 39, 7)",0.0
6681,"(3, 39, 7)",0.0
6682,"(4, 39, 7)",0.0
6683,"(5, 39, 7)",0.0
6684,"(6, 39, 7)",0.0
6685,"(7, 39, 7)",0.0
6686,"(8, 39, 7)",0.0
6687,"(9, 39, 7)",0.0
6688,"(10, 39, 7)",0.0
6689,"(11, 39, 7)",0.0
6690,"(12, 39, 7)",0.0
6691,"(13, 39, 7)",0.0
6692,"(14, 39, 7)",0.0
6693,"(15, 39, 7)",0.0
6694,"(16, 39, 7)",0.0
6695,"(17, 39, 7)",0.0
6696,"(18, 39, 7)",0.0
6697,"(19, 39, 7)",0.0
6698,"(20, 39, 7)",0.0
6699,"(0, 39, 8)",0.0
6700,"(1, 39, 8)",0.0
6701,"(2, 39, 8)",0.0
6702,"(3, 39, 8)",0.0
6703,"(4, 39, 8)",0.0
6704,"(5, 39, 8)",0.0
6705,"(6, 39, 8)",0.0
6706,"(7, 39, 8)",0.0
6707,"(8, 39, 8)",0.0
6708,"(9, 39, 8)",0.0
6709,"(10, 39, 8)",0.0
6710,"(11, 39, 8)",0.0
6711,"(12, 39, 8)",0.0
6712,"(13, 39, 8)",0.0
6713,"(14, 39, 8)",0.0
6714,"(15, 39, 8)",0.0
6715,"(16, 39, 8)",0.0
6716,"(17, 39, 8)",0.0
6717,"(18, 39, 8)",0.0
6718,"(19, 39, 8)",0.0
6719,"(20, 39, 8)",0.0
6720,"(0, 40, 1)",0.0
6721,"(1, 40, 1)",0.0
6722,"(2, 40, 1)",0.0
6723,"(3, 40, 1)",0.0
6724,"(4, 40, 1)",0.0
6725,"(5, 40, 1)",0.0
6726,"(6, 40, 1)",0.0
6727,"(7, 40, 1)",0.0
6728,"(8, 40, 1)",0.0
6729,"(9, 40, 1)",0.0
6730,"(10, 40, 1)",0.0
6731,"(11, 40, 1)",0.0
6732,"(12, 40, 1)",0.0
6733,"(13, 40, 1)",0.0
6734,"(14, 40, 1)",0.0
6735,"(15, 40, 1)",0.0
6736,"(16, 40, 1)",0.0
6737,"(17, 40, 1)",0.0
6738,"(18, 40, 1)",0.0
6739,"(19, 40, 1)",0.0
6740,"(20, 40, 1)",0.0
6741,"(0, 40, 2)",0.0
6742,"(1, 40, 2)",0.0
6743,"(2, 40, 2)",0.0
6744,"(3, 40, 2)",0.0
6745,"(4, 40, 2)",0.0
6746,"(5, 40, 2)",0.0
6747,"(6, 40, 2)",0.0
6748,"(7, 40, 2)",0.0
6749,"(8, 40, 2)",0.0
6750,"(9, 40, 2)",0.0
6751,"(10, 40, 2)",0.0
6752,"(11, 40, 2)",0.0
6753,"(12, 40, 2)",0.0
6754,"(13, 40, 2)",0.0
6755,"(14, 40, 2)",0.0
6756,"(15, 40, 2)",0.0
6757,"(16, 40, 2)",0.0
6758,"(17, 40, 2)",0.0
6759,"(18, 40, 2)",0.0
6760,"(19, 40, 2)",0.0
6761,"(20, 40, 2)",0.0
6762,"(0, 40, 3)",0.0
6763,"(1, 40, 3)",0.0
6764,"(2, 40, 3)",0.0
6765,"(3, 40, 3)",0.0
6766,"(4, 40, 3)",0.0
6767,"(5, 40, 3)",0.0
6768,"(6, 40, 3)",0.0
6769,"(7, 40, 3)",0.0
6770,"(8, 40, 3)",0.0
6771,"(9, 40, 3)",0.0
6772,"(10, 40, 3)",0.0
6773,"(11, 40, 3)",0.0
6774,"(12, 40, 3)",0.0
6775,"(13, 40, 3)",0.0
6776,"(14, 40, 3)",0.0
6777,"(15, 40, 3)",0.0
6778,"(16, 40, 3)",0.0
6779,"(17, 40, 3)",0.0
6780,"(18, 40, 3)",0.0
6781,"(19, 40, 3)",0.0
6782,"(20, 40, 3)",0.0
6783,"(0, 40, 4)",0.0
6784,"(1, 40, 4)",0.0
6785,"(2, 40, 4)",0.0
6786,"(3, 40, 4)",0.0
6787,"(4, 40, 4)",0.0
6788,"(5, 40, 4)",0.0
6789,"(6, 40, 4)",0.0
6790,"(7, 40, 4)",0.0
6791,"(8, 40, 4)",0.0
6792,"(9, 40, 4)",0.0
6793,"(10, 40, 4)",0.0
6794,"(11, 40, 4)",0.0
6795,"(12, 40, 4)",0.0
6796,"(13, 40, 4)",0.0
6797,"(14, 40, 4)",0.0
6798,"(15, 40, 4)",0.0
6799,"(16, 40, 4)",0.0
6800,"(17, 40, 4)",0.0
6801,"(18, 40, 4)",0.0
6802,"(19, 40, 4)",0.0
6803,"(20, 40, 4)",0.0
6804,"(0, 40, 5)",0.0
6805,"(1, 40, 5)",0.0
6806,"(2, 40, 5)",0.0
6807,"(3, 40, 5)",0.0
6808,"(4, 40, 5)",0.0
6809,"(5, 40, 5)",0.0
6810,"(6, 40, 5)",0.0
6811,"(7, 40, 5)",0.0
6812,"(8, 40, 5)",0.0
6813,"(9, 40, 5)",0.0
6814,"(10, 40, 5)",0.0
6815,"(11, 40, 5)",0.0
6816,"(12, 40, 5)",0.0
6817,"(13, 40, 5)",0.0
6818,"(14, 40, 5)",0.0
6819,"(15, 40, 5)",0.0
6820,"(16, 40, 5)",0.0
6821,"(17, 40, 5)",0.0
6822,"(18, 40, 5)",0.0
6823,"(19, 40, 5)",0.0
6824,"(20, 40, 5)",0.0
6825,"(0, 40, 6)",0.0
6826,"(1, 40, 6)",0.0
6827,"(2, 40, 6)",0.0
6828,"(3, 40, 6)",0.0
6829,"(4, 40, 6)",0.0
6830,"(5, 40, 6)",0.0
6831,"(6, 40, 6)",0.0
6832,"(7, 40, 6)",0.0
6833,"(8, 40, 6)",0.0
6834,"(9, 40, 6)",0.0
6835,"(10, 40, 6)",0.0
6836,"(11, 40, 6)",0.0
6837,"(12, 40, 6)",0.0
6838,"(13, 40, 6)",0.0
6839,"(14, 40, 6)",0.0
6840,"(15, 40, 6)",0.0
6841,"(16, 40, 6)",0.0
6842,"(17, 40, 6)",0.0
6843,"(18, 40, 6)",0.0
6844,"(19, 40, 6)",0.0
6845,"(20, 40, 6)",0.0
6846,"(0, 40, 7)",0.0
6847,"(1, 40, 7)",0.0
6848,"(2, 40, 7)",0.0
6849,"(3, 40, 7)",0.0
6850,"(4, 40, 7)",0.0
6851,"(5, 40, 7)",0.0
6852,"(6, 40, 7)",0.0
6853,"(7, 40, 7)",0.0
6854,"(8, 40, 7)",0.0
6855,"(9, 40, 7)",0.0
6856,"(10, 40, 7)",0.0
6857,"(11, 40, 7)",0.0
6858,"(12, 40, 7)",0.0
6859,"(13, 40, 7)",0.0
6860,"(14, 40, 7)",0.0
6861,"(15, 40, 7)",0.0
6862,"(16, 40, 7)",0.0
6863,"(17, 40, 7)",0.0
6864,"(18, 40, 7)",0.0
6865,"(19, 40, 7)",0.0
6866,"(20, 40, 7)",0.0
6867,"(0, 40, 8)",0.0
6868,"(1, 40, 8)",0.0
6869,"(2, 40, 8)",0.0
6870,"(3, 40, 8)",0.0
6871,"(4, 40, 8)",0.0
6872,"(5, 40, 8)",0.0
6873,"(6, 40, 8)",0.0
6874,"(7, 40, 8)",0.0
6875,"(8, 40, 8)",0.0
6876,"(9, 40, 8)",0.0
6877,"(10, 40, 8)",0.0
6878,"(11, 40, 8)",0.0
6879,"(12, 40, 8)",0.0
6880,"(13, 40, 8)",0.0
6881,"(14, 40, 8)",0.0
6882,"(15, 40, 8)",0.0
6883,"(16, 40, 8)",0.0
6884,"(17, 40, 8)",0.0
6885,"(18, 40, 8)",0.0
6886,"(19, 40, 8)",0.0
6887,"(20, 40, 8)",0.0
6888,"(0, 41, 1)",0.0
6889,"(1, 41, 1)",0.0
6890,"(2, 41, 1)",0.0
6891,"(3, 41, 1)",0.0
6892,"(4, 41, 1)",0.0
6893,"(5, 41, 1)",0.0
6894,"(6, 41, 1)",0.0
6895,"(7, 41, 1)",0.0
6896,"(8, 41, 1)",0.0
6897,"(9, 41, 1)",0.0
6898,"(10, 41, 1)",0.0
6899,"(11, 41, 1)",0.0
6900,"(12, 41, 1)",0.0
6901,"(13, 41, 1)",0.0
6902,"(14, 41, 1)",0.0
6903,"(15, 41, 1)",0.0
6904,"(16, 41, 1)",0.0
6905,"(17, 41, 1)",0.0
6906,"(18, 41, 1)",0.0
6907,"(19, 41, 1)",0.0
6908,"(20, 41, 1)",0.0
6909,"(0, 41, 2)",0.0
6910,"(1, 41, 2)",0.0
6911,"(2, 41, 2)",0.0
6912,"(3, 41, 2)",0.0
6913,"(4, 41, 2)",0.0
6914,"(5, 41, 2)",0.0
6915,"(6, 41, 2)",0.0
6916,"(7, 41, 2)",0.0
6917,"(8, 41, 2)",0.0
6918,"(9, 41, 2)",0.0
6919,"(10, 41, 2)",0.0
6920,"(11, 41, 2)",0.0
6921,"(12, 41, 2)",0.0
6922,"(13, 41, 2)",0.0
6923,"(14, 41, 2)",0.0
6924,"(15, 41, 2)",0.0
6925,"(16, 41, 2)",0.0
6926,"(17, 41, 2)",0.0
6927,"(18, 41, 2)",0.0
6928,"(19, 41, 2)",0.0
6929,"(20, 41, 2)",0.0
6930,"(0, 41, 3)",0.0
6931,"(1, 41, 3)",0.0
6932,"(2, 41, 3)",0.0
6933,"(3, 41, 3)",0.0
6934,"(4, 41, 3)",0.0
6935,"(5, 41, 3)",0.0
6936,"(6, 41, 3)",0.0
6937,"(7, 41, 3)",0.0
6938,"(8, 41, 3)",0.0
6939,"(9, 41, 3)",0.0
6940,"(10, 41, 3)",0.0
6941,"(11, 41, 3)",0.0
6942,"(12, 41, 3)",0.0
6943,"(13, 41, 3)",0.0
6944,"(14, 41, 3)",0.0
6945,"(15, 41, 3)",0.0
6946,"(16, 41, 3)",0.0
6947,"(17, 41, 3)",0.0
6948,"(18, 41, 3)",0.0
6949,"(19, 41, 3)",0.0
6950,"(20, 41, 3)",0.0
6951,"(0, 41, 4)",0.0
6952,"(1, 41, 4)",0.0
6953,"(2, 41, 4)",0.0
6954,"(3, 41, 4)",0.0
6955,"(4, 41, 4)",0.0
6956,"(5, 41, 4)",0.0
6957,"(6, 41, 4)",0.0
6958,"(7, 41, 4)",0.0
6959,"(8, 41, 4)",0.0
6960,"(9, 41, 4)",0.0
6961,"(10, 41, 4)",0.0
6962,"(11, 41, 4)",0.0
6963,"(12, 41, 4)",0.0
6964,"(13, 41, 4)",0.0
6965,"(14, 41, 4)",0.0
6966,"(15, 41, 4)",0.0
6967,"(16, 41, 4)",0.0
6968,"(17, 41, 4)",0.0
6969,"(18, 41, 4)",0.0
6970,"(19, 41, 4)",0.0
6971,"(20, 41, 4)",0.0
6972,"(0, 41, 5)",0.0
6973,"(1, 41, 5)",0.0
6974,"(2, 41, 5)",0.0
6975,"(3, 41, 5)",0.0
6976,"(4, 41, 5)",0.0
6977,"(5, 41, 5)",0.0
6978,"(6, 41, 5)",0.0
6979,"(7, 41, 5)",0.0
6980,"(8, 41, 5)",0.0
6981,"(9, 41, 5)",0.0
6982,"(10, 41, 5)",0.0
6983,"(11, 41, 5)",0.0
6984,"(12, 41, 5)",0.0
6985,"(13, 41, 5)",0.0
6986,"(14, 41, 5)",0.0
6987,"(15, 41, 5)",0.0
6988,"(16, 41, 5)",0.0
6989,"(17, 41, 5)",0.0
6990,"(18, 41, 5)",0.0
6991,"(19, 41, 5)",0.0
6992,"(20, 41, 5)",0.0
6993,"(0, 41, 6)",0.0
6994,"(1, 41, 6)",0.0
6995,"(2, 41, 6)",0.0
6996,"(3, 41, 6)",0.0
6997,"(4, 41, 6)",0.0
6998,"(5, 41, 6)",0.0
6999,"(6, 41, 6)",0.0
7000,"(7, 41, 6)",0.0
7001,"(8, 41, 6)",0.0
7002,"(9, 41, 6)",0.0
7003,"(10, 41, 6)",0.0
7004,"(11, 41, 6)",0.0
7005,"(12, 41, 6)",0.0
7006,"(13, 41, 6)",0.0
7007,"(14, 41, 6)",0.0
7008,"(15, 41, 6)",0.0
7009,"(16, 41, 6)",0.0
7010,"(17, 41, 6)",0.0
7011,"(18, 41, 6)",0.0
7012,"(19, 41, 6)",0.0
7013,"(20, 41, 6)",0.0
7014,"(0, 41, 7)",0.0
7015,"(1, 41, 7)",0.0
7016,"(2, 41, 7)",0.0
7017,"(3, 41, 7)",0.0
7018,"(4, 41, 7)",0.0
7019,"(5, 41, 7)",0.0
7020,"(6, 41, 7)",0.0
7021,"(7, 41, 7)",0.0
7022,"(8, 41, 7)",0.0
7023,"(9, 41, 7)",0.0
7024,"(10, 41, 7)",0.0
7025,"(11, 41, 7)",0.0
7026,"(12, 41, 7)",0.0
7027,"(13, 41, 7)",0.0
7028,"(14, 41, 7)",0.0
7029,"(15, 41, 7)",0.0
7030,"(16, 41, 7)",0.0
7031,"(17, 41, 7)",0.0
7032,"(18, 41, 7)",0.0
7033,"(19, 41, 7)",0.0
7034,"(20, 41, 7)",0.0
7035,"(0, 41, 8)",0.0
7036,"(1, 41, 8)",0.0
7037,"(2, 41, 8)",0.0
7038,"(3, 41, 8)",0.0
7039,"(4, 41, 8)",0.0
7040,"(5, 41, 8)",0.0
7041,"(6, 41, 8)",0.0
7042,"(7, 41, 8)",0.0
7043,"(8, 41, 8)",0.0
7044,"(9, 41, 8)",0.0
7045,"(10, 41, 8)",0.0
7046,"(11, 41, 8)",0.0
7047,"(12, 41, 8)",0.0
7048,"(13, 41, 8)",0.0
7049,"(14, 41, 8)",0.0
7050,"(15, 41, 8)",0.0
7051,"(16, 41, 8)",0.0
7052,"(17, 41, 8)",0.0
7053,"(18, 41, 8)",0.0
7054,"(19, 41, 8)",0.0
7055,"(20, 41, 8)",0.0
7056,"(0, 42, 1)",0.0
7057,"(1, 42, 1)",0.0
7058,"(2, 42, 1)",0.0
7059,"(3, 42, 1)",0.0
7060,"(4, 42, 1)",0.0
7061,"(5, 42, 1)",0.0
7062,"(6, 42, 1)",0.0
7063,"(7, 42, 1)",0.0
7064,"(8, 42, 1)",0.0
7065,"(9, 42, 1)",0.0
7066,"(10, 42, 1)",0.0
7067,"(11, 42, 1)",0.0
7068,"(12, 42, 1)",0.0
7069,"(13, 42, 1)",0.0
7070,"(14, 42, 1)",0.0
7071,"(15, 42, 1)",0.0
7072,"(16, 42, 1)",0.0
7073,"(17, 42, 1)",0.0
7074,"(18, 42, 1)",0.0
7075,"(19, 42, 1)",0.0
7076,"(20, 42, 1)",0.0
7077,"(0, 42, 2)",0.0
7078,"(1, 42, 2)",0.0
7079,"(2, 42, 2)",0.0
7080,"(3, 42, 2)",0.0
7081,"(4, 42, 2)",0.0
7082,"(5, 42, 2)",0.0
7083,"(6, 42, 2)",0.0
7084,"(7, 42, 2)",0.0
7085,"(8, 42, 2)",0.0
7086,"(9, 42, 2)",0.0
7087,"(10, 42, 2)",0.0
7088,"(11, 42, 2)",0.0
7089,"(12, 42, 2)",0.0
7090,"(13, 42, 2)",0.0
7091,"(14, 42, 2)",0.0
7092,"(15, 42, 2)",0.0
7093,"(16, 42, 2)",0.0
7094,"(17, 42, 2)",0.0
7095,"(18, 42, 2)",0.0
7096,"(19, 42, 2)",0.0
7097,"(20, 42, 2)",0.0
7098,"(0, 42, 3)",0.0
7099,"(1, 42, 3)",0.0
7100,"(2, 42, 3)",0.0
7101,"(3, 42, 3)",0.0
7102,"(4, 42, 3)",0.0
7103,"(5, 42, 3)",0.0
7104,"(6, 42, 3)",0.0
7105,"(7, 42, 3)",0.0
7106,"(8, 42, 3)",0.0
7107,"(9, 42, 3)",0.0
7108,"(10, 42, 3)",0.0
7109,"(11, 42, 3)",0.0
7110,"(12, 42, 3)",0.0
7111,"(13, 42, 3)",0.0
7112,"(14, 42, 3)",0.0
7113,"(15, 42, 3)",0.0
7114,"(16, 42, 3)",0.0
7115,"(17, 42, 3)",0.0
7116,"(18, 42, 3)",0.0
7117,"(19, 42, 3)",0.0
7118,"(20, 42, 3)",0.0
7119,"(0, 42, 4)",0.0
7120,"(1, 42, 4)",0.0
7121,"(2, 42, 4)",0.0
7122,"(3, 42, 4)",0.0
7123,"(4, 42, 4)",0.0
7124,"(5, 42, 4)",0.0
7125,"(6, 42, 4)",0.0
7126,"(7, 42, 4)",0.0
7127,"(8, 42, 4)",0.0
7128,"(9, 42, 4)",0.0
7129,"(10, 42, 4)",0.0
7130,"(11, 42, 4)",0.0
7131,"(12, 42, 4)",0.0
7132,"(13, 42, 4)",0.0
7133,"(14, 42, 4)",0.0
7134,"(15, 42, 4)",0.0
7135,"(16, 42, 4)",0.0
7136,"(17, 42, 4)",0.0
7137,"(18, 42, 4)",0.0
7138,"(19, 42, 4)",0.0
7139,"(20, 42, 4)",0.0
7140,"(0, 42, 5)",0.0
7141,"(1, 42, 5)",0.0
7142,"(2, 42, 5)",0.0
7143,"(3, 42, 5)",0.0
7144,"(4, 42, 5)",0.0
7145,"(5, 42, 5)",0.0
7146,"(6, 42, 5)",0.0
7147,"(7, 42, 5)",0.0
7148,"(8, 42, 5)",0.0
7149,"(9, 42, 5)",0.0
7150,"(10, 42, 5)",0.0
7151,"(11, 42, 5)",0.0
7152,"(12, 42, 5)",0.0
7153,"(13, 42, 5)",0.0
7154,"(14, 42, 5)",0.0
7155,"(15, 42, 5)",0.0
7156,"(16, 42, 5)",0.0
7157,"(17, 42, 5)",0.0
7158,"(18, 42, 5)",0.0
7159,"(19, 42, 5)",0.0
7160,"(20, 42, 5)",0.0
7161,"(0, 42, 6)",0.0
7162,"(1, 42, 6)",0.0
7163,"(2, 42, 6)",0.0
7164,"(3, 42, 6)",0.0
7165,"(4, 42, 6)",0.0
7166,"(5, 42, 6)",0.0
7167,"(6, 42, 6)",0.0
7168,"(7, 42, 6)",0.0
7169,"(8, 42, 6)",0.0
7170,"(9, 42, 6)",0.0
7171,"(10, 42, 6)",0.0
7172,"(11, 42, 6)",0.0
7173,"(12, 42, 6)",0.0
7174,"(13, 42, 6)",0.0
7175,"(14, 42, 6)",0.0
7176,"(15, 42, 6)",0.0
7177,"(16, 42, 6)",0.0
7178,"(17, 42, 6)",0.0
7179,"(18, 42, 6)",0.0
7180,"(19, 42, 6)",0.0
7181,"(20, 42, 6)",0.0
7182,"(0, 42, 7)",0.0
7183,"(1, 42, 7)",0.0
7184,"(2, 42, 7)",0.0
7185,"(3, 42, 7)",0.0
7186,"(4, 42, 7)",0.0
7187,"(5, 42, 7)",0.0
7188,"(6, 42, 7)",0.0
7189,"(7, 42, 7)",0.0
7190,"(8, 42, 7)",0.0
7191,"(9, 42, 7)",0.0
7192,"(10, 42, 7)",0.0
7193,"(11, 42, 7)",0.0
7194,"(12, 42, 7)",0.0
7195,"(13, 42, 7)",0.0
7196,"(14, 42, 7)",0.0
7197,"(15, 42, 7)",0.0
7198,"(16, 42, 7)",0.0
7199,"(17, 42, 7)",0.0
7200,"(18, 42, 7)",0.0
7201,"(19, 42, 7)",0.0
7202,"(20, 42, 7)",0.0
7203,"(0, 42, 8)",0.0
7204,"(1, 42, 8)",0.0
7205,"(2, 42, 8)",0.0
7206,"(3, 42, 8)",0.0
7207,"(4, 42, 8)",0.0
7208,"(5, 42, 8)",0.0
7209,"(6, 42, 8)",0.0
7210,"(7, 42, 8)",0.0
7211,"(8, 42, 8)",0.0
7212,"(9, 42, 8)",0.0
7213,"(10, 42, 8)",0.0
7214,"(11, 42, 8)",0.0
7215,"(12, 42, 8)",0.0
7216,"(13, 42, 8)",0.0
7217,"(14, 42, 8)",0.0
7218,"(15, 42, 8)",0.0
7219,"(16, 42, 8)",0.0
7220,"(17, 42, 8)",0.0
7221,"(18, 42, 8)",0.0
7222,"(19, 42, 8)",0.0
7223,"(20, 42, 8)",0.0
7224,"(0, 43, 1)",0.0
7225,"(1, 43, 1)",0.0
7226,"(2, 43, 1)",0.0
7227,"(3, 43, 1)",0.0
7228,"(4, 43, 1)",0.0
7229,"(5, 43, 1)",0.0
7230,"(6, 43, 1)",0.0
7231,"(7, 43, 1)",0.0
7232,"(8, 43, 1)",0.0
7233,"(9, 43, 1)",0.0
7234,"(10, 43, 1)",0.0
7235,"(11, 43, 1)",0.0
7236,"(12, 43, 1)",0.0
7237,"(13, 43, 1)",0.0
7238,"(14, 43, 1)",0.0
7239,"(15, 43, 1)",0.0
7240,"(16, 43, 1)",0.0
7241,"(17, 43, 1)",0.0
7242,"(18, 43, 1)",0.0
7243,"(19, 43, 1)",0.0
7244,"(20, 43, 1)",0.0
7245,"(0, 43, 2)",0.0
7246,"(1, 43, 2)",0.0
7247,"(2, 43, 2)",0.0
7248,"(3, 43, 2)",0.0
7249,"(4, 43, 2)",0.0
7250,"(5, 43, 2)",0.0
7251,"(6, 43, 2)",0.0
7252,"(7, 43, 2)",0.0
7253,"(8, 43, 2)",0.0
7254,"(9, 43, 2)",0.0
7255,"(10, 43, 2)",0.0
7256,"(11, 43, 2)",0.0
7257,"(12, 43, 2)",0.0
7258,"(13, 43, 2)",0.0
7259,"(14, 43, 2)",0.0
7260,"(15, 43, 2)",0.0
7261,"(16, 43, 2)",0.0
7262,"(17, 43, 2)",0.0
7263,"(18, 43, 2)",0.0
7264,"(19, 43, 2)",0.0
7265,"(20, 43, 2)",0.0
7266,"(0, 43, 3)",0.0
7267,"(1, 43, 3)",0.0
7268,"(2, 43, 3)",0.0
7269,"(3, 43, 3)",0.0
7270,"(4, 43, 3)",0.0
7271,"(5, 43, 3)",0.0
7272,"(6, 43, 3)",0.0
7273,"(7, 43, 3)",0.0
7274,"(8, 43, 3)",0.0
7275,"(9, 43, 3)",0.0
7276,"(10, 43, 3)",0.0
7277,"(11, 43, 3)",0.0
7278,"(12, 43, 3)",0.0
7279,"(13, 43, 3)",0.0
7280,"(14, 43, 3)",0.0
7281,"(15, 43, 3)",0.0
7282,"(16, 43, 3)",0.0
7283,"(17, 43, 3)",0.0
7284,"(18, 43, 3)",0.0
7285,"(19, 43, 3)",0.0
7286,"(20, 43, 3)",0.0
7287,"(0, 43, 4)",0.0
7288,"(1, 43, 4)",0.0
7289,"(2, 43, 4)",0.0
7290,"(3, 43, 4)",0.0
7291,"(4, 43, 4)",0.0
7292,"(5, 43, 4)",0.0
7293,"(6, 43, 4)",0.0
7294,"(7, 43, 4)",0.0
7295,"(8, 43, 4)",0.0
7296,"(9, 43, 4)",0.0
7297,"(10, 43, 4)",0.0
7298,"(11, 43, 4)",0.0
7299,"(12, 43, 4)",0.0
7300,"(13, 43, 4)",0.0
7301,"(14, 43, 4)",0.0
7302,"(15, 43, 4)",0.0
7303,"(16, 43, 4)",0.0
7304,"(17, 43, 4)",0.0
7305,"(18, 43, 4)",0.0
7306,"(19, 43, 4)",0.0
7307,"(20, 43, 4)",0.0
7308,"(0, 43, 5)",0.0
7309,"(1, 43, 5)",0.0
7310,"(2, 43, 5)",0.0
7311,"(3, 43, 5)",0.0
7312,"(4, 43, 5)",0.0
7313,"(5, 43, 5)",0.0
7314,"(6, 43, 5)",0.0
7315,"(7, 43, 5)",0.0
7316,"(8, 43, 5)",0.0
7317,"(9, 43, 5)",0.0
7318,"(10, 43, 5)",0.0
7319,"(11, 43, 5)",0.0
7320,"(12, 43, 5)",0.0
7321,"(13, 43, 5)",0.0
7322,"(14, 43, 5)",0.0
7323,"(15, 43, 5)",0.0
7324,"(16, 43, 5)",0.0
7325,"(17, 43, 5)",0.0
7326,"(18, 43, 5)",0.0
7327,"(19, 43, 5)",0.0
7328,"(20, 43, 5)",0.0
7329,"(0, 43, 6)",0.0
7330,"(1, 43, 6)",0.0
7331,"(2, 43, 6)",0.0
7332,"(3, 43, 6)",0.0
7333,"(4, 43, 6)",0.0
7334,"(5, 43, 6)",0.0
7335,"(6, 43, 6)",0.0
7336,"(7, 43, 6)",0.0
7337,"(8, 43, 6)",0.0
7338,"(9, 43, 6)",0.0
7339,"(10, 43, 6)",0.0
7340,"(11, 43, 6)",0.0
7341,"(12, 43, 6)",0.0
7342,"(13, 43, 6)",0.0
7343,"(14, 43, 6)",0.0
7344,"(15, 43, 6)",0.0
7345,"(16, 43, 6)",0.0
7346,"(17, 43, 6)",0.0
7347,"(18, 43, 6)",0.0
7348,"(19, 43, 6)",0.0
7349,"(20, 43, 6)",0.0
7350,"(0, 43, 7)",0.0
7351,"(1, 43, 7)",0.0
7352,"(2, 43, 7)",0.0
7353,"(3, 43, 7)",0.0
7354,"(4, 43, 7)",0.0
7355,"(5, 43, 7)",0.0
7356,"(6, 43, 7)",0.0
7357,"(7, 43, 7)",0.0
7358,"(8, 43, 7)",0.0
7359,"(9, 43, 7)",0.0
7360,"(10, 43, 7)",0.0
7361,"(11, 43, 7)",0.0
7362,"(12, 43, 7)",0.0
7363,"(13, 43, 7)",0.0
7364,"(14, 43, 7)",0.0
7365,"(15, 43, 7)",0.0
7366,"(16, 43, 7)",0.0
7367,"(17, 43, 7)",0.0
7368,"(18, 43, 7)",0.0
7369,"(19, 43, 7)",0.0
7370,"(20, 43, 7)",0.0
7371,"(0, 43, 8)",0.0
7372,"(1, 43, 8)",0.0
7373,"(2, 43, 8)",0.0
7374,"(3, 43, 8)",0.0
7375,"(4, 43, 8)",0.0
7376,"(5, 43, 8)",0.0
7377,"(6, 43, 8)",0.0
7378,"(7, 43, 8)",0.0
7379,"(8, 43, 8)",0.0
7380,"(9, 43, 8)",0.0
7381,"(10, 43, 8)",0.0
7382,"(11, 43, 8)",0.0
7383,"(12, 43, 8)",0.0
7384,"(13, 43, 8)",0.0
7385,"(14, 43, 8)",0.0
7386,"(15, 43, 8)",0.0
7387,"(16, 43, 8)",0.0
7388,"(17, 43, 8)",0.0
7389,"(18, 43, 8)",0.0
7390,"(19, 43, 8)",0.0
7391,"(20, 43, 8)",0.0
7392,"(0, 44, 1)",0.0
7393,"(1, 44, 1)",0.0
7394,"(2, 44, 1)",0.0
7395,"(3, 44, 1)",0.0
7396,"(4, 44, 1)",0.0
7397,"(5, 44, 1)",0.0
7398,"(6, 44, 1)",0.0
7399,"(7, 44, 1)",0.0
7400,"(8, 44, 1)",0.0
7401,"(9, 44, 1)",0.0
7402,"(10, 44, 1)",0.0
7403,"(11, 44, 1)",0.0
7404,"(12, 44, 1)",0.0
7405,"(13, 44, 1)",0.0
7406,"(14, 44, 1)",0.0
7407,"(15, 44, 1)",0.0
7408,"(16, 44, 1)",0.0
7409,"(17, 44, 1)",0.0
7410,"(18, 44, 1)",0.0
7411,"(19, 44, 1)",0.0
7412,"(20, 44, 1)",0.0
7413,"(0, 44, 2)",0.0
7414,"(1, 44, 2)",0.0
7415,"(2, 44, 2)",0.0
7416,"(3, 44, 2)",0.0
7417,"(4, 44, 2)",0.0
7418,"(5, 44, 2)",0.0
7419,"(6, 44, 2)",0.0
7420,"(7, 44, 2)",0.0
7421,"(8, 44, 2)",0.0
7422,"(9, 44, 2)",0.0
7423,"(10, 44, 2)",0.0
7424,"(11, 44, 2)",0.0
7425,"(12, 44, 2)",0.0
7426,"(13, 44, 2)",0.0
7427,"(14, 44, 2)",0.0
7428,"(15, 44, 2)",0.0
7429,"(16, 44, 2)",0.0
7430,"(17, 44, 2)",0.0
7431,"(18, 44, 2)",0.0
7432,"(19, 44, 2)",0.0
7433,"(20, 44, 2)",0.0
7434,"(0, 44, 3)",0.0
7435,"(1, 44, 3)",0.0
7436,"(2, 44, 3)",0.0
7437,"(3, 44, 3)",0.0
7438,"(4, 44, 3)",0.0
7439,"(5, 44, 3)",0.0
7440,"(6, 44, 3)",0.0
7441,"(7, 44, 3)",0.0
7442,"(8, 44, 3)",0.0
7443,"(9, 44, 3)",0.0
7444,"(10, 44, 3)",0.0
7445,"(11, 44, 3)",0.0
7446,"(12, 44, 3)",0.0
7447,"(13, 44, 3)",0.0
7448,"(14, 44, 3)",0.0
7449,"(15, 44, 3)",0.0
7450,"(16, 44, 3)",0.0
7451,"(17, 44, 3)",0.0
7452,"(18, 44, 3)",0.0
7453,"(19, 44, 3)",0.0
7454,"(20, 44, 3)",0.0
7455,"(0, 44, 4)",0.0
7456,"(1, 44, 4)",0.0
7457,"(2, 44, 4)",0.0
7458,"(3, 44, 4)",0.0
7459,"(4, 44, 4)",0.0
7460,"(5, 44, 4)",0.0
7461,"(6, 44, 4)",0.0
7462,"(7, 44, 4)",0.0
7463,"(8, 44, 4)",0.0
7464,"(9, 44, 4)",0.0
7465,"(10, 44, 4)",0.0
7466,"(11, 44, 4)",0.0
7467,"(12, 44, 4)",0.0
7468,"(13, 44, 4)",0.0
7469,"(14, 44, 4)",0.0
7470,"(15, 44, 4)",0.0
7471,"(16, 44, 4)",0.0
7472,"(17, 44, 4)",0.0
7473,"(18, 44, 4)",0.0
7474,"(19, 44, 4)",0.0
7475,"(20, 44, 4)",0.0
7476,"(0, 44, 5)",0.0
7477,"(1, 44, 5)",0.0
7478,"(2, 44, 5)",0.0
7479,"(3, 44, 5)",0.0
7480,"(4, 44, 5)",0.0
7481,"(5, 44, 5)",0.0
7482,"(6, 44, 5)",0.0
7483,"(7, 44, 5)",0.0
7484,"(8, 44, 5)",0.0
7485,"(9, 44, 5)",0.0
7486,"(10, 44, 5)",0.0
7487,"(11, 44, 5)",0.0
7488,"(12, 44, 5)",0.0
7489,"(13, 44, 5)",0.0
7490,"(14, 44, 5)",0.0
7491,"(15, 44, 5)",0.0
7492,"(16, 44, 5)",0.0
7493,"(17, 44, 5)",0.0
7494,"(18, 44, 5)",0.0
7495,"(19, 44, 5)",0.0
7496,"(20, 44, 5)",0.0
7497,"(0, 44, 6)",0.0
7498,"(1, 44, 6)",0.0
7499,"(2, 44, 6)",0.0
7500,"(3, 44, 6)",0.0
7501,"(4, 44, 6)",0.0
7502,"(5, 44, 6)",0.0
7503,"(6, 44, 6)",0.0
7504,"(7, 44, 6)",0.0
7505,"(8, 44, 6)",0.0
7506,"(9, 44, 6)",0.0
7507,"(10, 44, 6)",0.0
7508,"(11, 44, 6)",0.0
7509,"(12, 44, 6)",0.0
7510,"(13, 44, 6)",0.0
7511,"(14, 44, 6)",0.0
7512,"(15, 44, 6)",0.0
7513,"(16, 44, 6)",0.0
7514,"(17, 44, 6)",0.0
7515,"(18, 44, 6)",0.0
7516,"(19, 44, 6)",0.0
7517,"(20, 44, 6)",0.0
7518,"(0, 44, 7)",0.0
7519,"(1, 44, 7)",0.0
7520,"(2, 44, 7)",0.0
7521,"(3, 44, 7)",0.0
7522,"(4, 44, 7)",0.0
7523,"(5, 44, 7)",0.0
7524,"(6, 44, 7)",0.0
7525,"(7, 44, 7)",0.0
7526,"(8, 44, 7)",0.0
7527,"(9, 44, 7)",0.0
7528,"(10, 44, 7)",0.0
7529,"(11, 44, 7)",0.0
7530,"(12, 44, 7)",0.0
7531,"(13, 44, 7)",0.0
7532,"(14, 44, 7)",0.0
7533,"(15, 44, 7)",0.0
7534,"(16, 44, 7)",0.0
7535,"(17, 44, 7)",0.0
7536,"(18, 44, 7)",0.0
7537,"(19, 44, 7)",0.0
7538,"(20, 44, 7)",0.0
7539,"(0, 44, 8)",0.0
7540,"(1, 44, 8)",0.0
7541,"(2, 44, 8)",0.0
7542,"(3, 44, 8)",0.0
7543,"(4, 44, 8)",0.0
7544,"(5, 44, 8)",0.0
7545,"(6, 44, 8)",0.0
7546,"(7, 44, 8)",0.0
7547,"(8, 44, 8)",0.0
7548,"(9, 44, 8)",0.0
7549,"(10, 44, 8)",0.0
7550,"(11, 44, 8)",0.0
7551,"(12, 44, 8)",0.0
7552,"(13, 44, 8)",0.0
7553,"(14, 44, 8)",0.0
7554,"(15, 44, 8)",0.0
7555,"(16, 44, 8)",0.0
7556,"(17, 44, 8)",0.0
7557,"(18, 44, 8)",0.0
7558,"(19, 44, 8)",0.0
7559,"(20, 44, 8)",0.0
7560,"(0, 45, 1)",0.0
7561,"(1, 45, 1)",0.0
7562,"(2, 45, 1)",0.0
7563,"(3, 45, 1)",0.0
7564,"(4, 45, 1)",0.0
7565,"(5, 45, 1)",0.0
7566,"(6, 45, 1)",0.0
7567,"(7, 45, 1)",0.0
7568,"(8, 45, 1)",0.0
7569,"(9, 45, 1)",0.0
7570,"(10, 45, 1)",0.0
7571,"(11, 45, 1)",0.0
7572,"(12, 45, 1)",0.0
7573,"(13, 45, 1)",0.0
7574,"(14, 45, 1)",0.0
7575,"(15, 45, 1)",0.0
7576,"(16, 45, 1)",0.0
7577,"(17, 45, 1)",0.0
7578,"(18, 45, 1)",0.0
7579,"(19, 45, 1)",0.0
7580,"(20, 45, 1)",0.0
7581,"(0, 45, 2)",0.0
7582,"(1, 45, 2)",0.0
7583,"(2, 45, 2)",0.0
7584,"(3, 45, 2)",0.0
7585,"(4, 45, 2)",0.0
7586,"(5, 45, 2)",0.0
7587,"(6, 45, 2)",0.0
7588,"(7, 45, 2)",0.0
7589,"(8, 45, 2)",0.0
7590,"(9, 45, 2)",0.0
7591,"(10, 45, 2)",0.0
7592,"(11, 45, 2)",0.0
7593,"(12, 45, 2)",0.0
7594,"(13, 45, 2)",0.0
7595,"(14, 45, 2)",0.0
7596,"(15, 45, 2)",0.0
7597,"(16, 45, 2)",0.0
7598,"(17, 45, 2)",0.0
7599,"(18, 45, 2)",0.0
7600,"(19, 45, 2)",0.0
7601,"(20, 45, 2)",0.0
7602,"(0, 45, 3)",0.0
7603,"(1, 45, 3)",0.0
7604,"(2, 45, 3)",0.0
7605,"(3, 45, 3)",0.0
7606,"(4, 45, 3)",0.0
7607,"(5, 45, 3)",0.0
7608,"(6, 45, 3)",0.0
7609,"(7, 45, 3)",0.0
7610,"(8, 45, 3)",0.0
7611,"(9, 45, 3)",0.0
7612,"(10, 45, 3)",0.0
7613,"(11, 45, 3)",0.0
7614,"(12, 45, 3)",0.0
7615,"(13, 45, 3)",0.0
7616,"(14, 45, 3)",0.0
7617,"(15, 45, 3)",0.0
7618,"(16, 45, 3)",0.0
7619,"(17, 45, 3)",0.0
7620,"(18, 45, 3)",0.0
7621,"(19, 45, 3)",0.0
7622,"(20, 45, 3)",0.0
7623,"(0, 45, 4)",0.0
7624,"(1, 45, 4)",0.0
7625,"(2, 45, 4)",0.0
7626,"(3, 45, 4)",0.0
7627,"(4, 45, 4)",0.0
7628,"(5, 45, 4)",0.0
7629,"(6, 45, 4)",0.0
7630,"(7, 45, 4)",0.0
7631,"(8, 45, 4)",0.0
7632,"(9, 45, 4)",0.0
7633,"(10, 45, 4)",0.0
7634,"(11, 45, 4)",0.0
7635,"(12, 45, 4)",0.0
7636,"(13, 45, 4)",0.0
7637,"(14, 45, 4)",0.0
7638,"(15, 45, 4)",0.0
7639,"(16, 45, 4)",0.0
7640,"(17, 45, 4)",0.0
7641,"(18, 45, 4)",0.0
7642,"(19, 45, 4)",0.0
7643,"(20, 45, 4)",0.0
7644,"(0, 45, 5)",0.0
7645,"(1, 45, 5)",0.0
7646,"(2, 45, 5)",0.0
7647,"(3, 45, 5)",0.0
7648,"(4, 45, 5)",0.0
7649,"(5, 45, 5)",0.0
7650,"(6, 45, 5)",0.0
7651,"(7, 45, 5)",0.0
7652,"(8, 45, 5)",0.0
7653,"(9, 45, 5)",0.0
7654,"(10, 45, 5)",0.0
7655,"(11, 45, 5)",0.0
7656,"(12, 45, 5)",0.0
7657,"(13, 45, 5)",0.0
7658,"(14, 45, 5)",0.0
7659,"(15, 45, 5)",0.0
7660,"(16, 45, 5)",0.0
7661,"(17, 45, 5)",0.0
7662,"(18, 45, 5)",0.0
7663,"(19, 45, 5)",0.0
7664,"(20, 45, 5)",0.0
7665,"(0, 45, 6)",0.0
7666,"(1, 45, 6)",0.0
7667,"(2, 45, 6)",0.0
7668,"(3, 45, 6)",0.0
7669,"(4, 45, 6)",0.0
7670,"(5, 45, 6)",0.0
7671,"(6, 45, 6)",0.0
7672,"(7, 45, 6)",0.0
7673,"(8, 45, 6)",0.0
7674,"(9, 45, 6)",0.0
7675,"(10, 45, 6)",0.0
7676,"(11, 45, 6)",0.0
7677,"(12, 45, 6)",0.0
7678,"(13, 45, 6)",0.0
7679,"(14, 45, 6)",0.0
7680,"(15, 45, 6)",0.0
7681,"(16, 45, 6)",0.0
7682,"(17, 45, 6)",0.0
7683,"(18, 45, 6)",0.0
7684,"(19, 45, 6)",0.0
7685,"(20, 45, 6)",0.0
7686,"(0, 45, 7)",0.0
7687,"(1, 45, 7)",0.0
7688,"(2, 45, 7)",0.0
7689,"(3, 45, 7)",0.0
7690,"(4, 45, 7)",0.0
7691,"(5, 45, 7)",0.0
7692,"(6, 45, 7)",0.0
7693,"(7, 45, 7)",0.0
7694,"(8, 45, 7)",0.0
7695,"(9, 45, 7)",0.0
7696,"(10, 45, 7)",0.0
7697,"(11, 45, 7)",0.0
7698,"(12, 45, 7)",0.0
7699,"(13, 45, 7)",0.0
7700,"(14, 45, 7)",0.0
7701,"(15, 45, 7)",0.0
7702,"(16, 45, 7)",0.0
7703,"(17, 45, 7)",0.0
7704,"(18, 45, 7)",0.0
7705,"(19, 45, 7)",0.0
7706,"(20, 45, 7)",0.0
7707,"(0, 45, 8)",0.0
7708,"(1, 45, 8)",0.0
7709,"(2, 45, 8)",0.0
7710,"(3, 45, 8)",0.0
7711,"(4, 45, 8)",0.0
7712,"(5, 45, 8)",0.0
7713,"(6, 45, 8)",0.0
7714,"(7, 45, 8)",0.0
7715,"(8, 45, 8)",0.0
7716,"(9, 45, 8)",0.0
7717,"(10, 45, 8)",0.0
7718,"(11, 45, 8)",0.0
7719,"(12, 45, 8)",0.0
7720,"(13, 45, 8)",0.0
7721,"(14, 45, 8)",0.0
7722,"(15, 45, 8)",0.0
7723,"(16, 45, 8)",0.0
7724,"(17, 45, 8)",0.0
7725,"(18, 45, 8)",0.0
7726,"(19, 45, 8)",0.0
7727,"(20, 45, 8)",0.0
7728,"(0, 46, 1)",0.0
7729,"(1, 46, 1)",0.0
7730,"(2, 46, 1)",0.0
7731,"(3, 46, 1)",0.0
7732,"(4, 46, 1)",0.0
7733,"(5, 46, 1)",0.0
7734,"(6, 46, 1)",0.0
7735,"(7, 46, 1)",0.0
7736,"(8, 46, 1)",0.0
7737,"(9, 46, 1)",0.0
7738,"(10, 46, 1)",0.0
7739,"(11, 46, 1)",0.0
7740,"(12, 46, 1)",0.0
7741,"(13, 46, 1)",0.0
7742,"(14, 46, 1)",0.0
7743,"(15, 46, 1)",0.0
7744,"(16, 46, 1)",0.0
7745,"(17, 46, 1)",0.0
7746,"(18, 46, 1)",0.0
7747,"(19, 46, 1)",0.0
7748,"(20, 46, 1)",0.0
7749,"(0, 46, 2)",0.0
7750,"(1, 46, 2)",0.0
7751,"(2, 46, 2)",0.0
7752,"(3, 46, 2)",0.0
7753,"(4, 46, 2)",0.0
7754,"(5, 46, 2)",0.0
7755,"(6, 46, 2)",0.0
7756,"(7, 46, 2)",0.0
7757,"(8, 46, 2)",0.0
7758,"(9, 46, 2)",0.0
7759,"(10, 46, 2)",0.0
7760,"(11, 46, 2)",0.0
7761,"(12, 46, 2)",0.0
7762,"(13, 46, 2)",0.0
7763,"(14, 46, 2)",0.0
7764,"(15, 46, 2)",0.0
7765,"(16, 46, 2)",0.0
7766,"(17, 46, 2)",0.0
7767,"(18, 46, 2)",0.0
7768,"(19, 46, 2)",0.0
7769,"(20, 46, 2)",0.0
7770,"(0, 46, 3)",0.0
7771,"(1, 46, 3)",0.0
7772,"(2, 46, 3)",0.0
7773,"(3, 46, 3)",0.0
7774,"(4, 46, 3)",0.0
7775,"(5, 46, 3)",0.0
7776,"(6, 46, 3)",0.0
7777,"(7, 46, 3)",0.0
7778,"(8, 46, 3)",0.0
7779,"(9, 46, 3)",0.0
7780,"(10, 46, 3)",0.0
7781,"(11, 46, 3)",0.0
7782,"(12, 46, 3)",0.0
7783,"(13, 46, 3)",0.0
7784,"(14, 46, 3)",0.0
7785,"(15, 46, 3)",0.0
7786,"(16, 46, 3)",0.0
7787,"(17, 46, 3)",0.0
7788,"(18, 46, 3)",0.0
7789,"(19, 46, 3)",0.0
7790,"(20, 46, 3)",0.0
7791,"(0, 46, 4)",0.0
7792,"(1, 46, 4)",0.0
7793,"(2, 46, 4)",0.0
7794,"(3, 46, 4)",0.0
7795,"(4, 46, 4)",0.0
7796,"(5, 46, 4)",0.0
7797,"(6, 46, 4)",0.0
7798,"(7, 46, 4)",0.0
7799,"(8, 46, 4)",0.0
7800,"(9, 46, 4)",0.0
7801,"(10, 46, 4)",0.0
7802,"(11, 46, 4)",0.0
7803,"(12, 46, 4)",0.0
7804,"(13, 46, 4)",0.0
7805,"(14, 46, 4)",0.0
7806,"(15, 46, 4)",0.0
7807,"(16, 46, 4)",0.0
7808,"(17, 46, 4)",0.0
7809,"(18, 46, 4)",0.0
7810,"(19, 46, 4)",0.0
7811,"(20, 46, 4)",0.0
7812,"(0, 46, 5)",0.0
7813,"(1, 46, 5)",0.0
7814,"(2, 46, 5)",0.0
7815,"(3, 46, 5)",0.0
7816,"(4, 46, 5)",0.0
7817,"(5, 46, 5)",0.0
7818,"(6, 46, 5)",0.0
7819,"(7, 46, 5)",0.0
7820,"(8, 46, 5)",0.0
7821,"(9, 46, 5)",0.0
7822,"(10, 46, 5)",0.0
7823,"(11, 46, 5)",0.0
7824,"(12, 46, 5)",0.0
7825,"(13, 46, 5)",0.0
7826,"(14, 46, 5)",0.0
7827,"(15, 46, 5)",0.0
7828,"(16, 46, 5)",0.0
7829,"(17, 46, 5)",0.0
7830,"(18, 46, 5)",0.0
7831,"(19, 46, 5)",0.0
7832,"(20, 46, 5)",0.0
7833,"(0, 46, 6)",0.0
7834,"(1, 46, 6)",0.0
7835,"(2, 46, 6)",0.0
7836,"(3, 46, 6)",0.0
7837,"(4, 46, 6)",0.0
7838,"(5, 46, 6)",0.0
7839,"(6, 46, 6)",0.0
7840,"(7, 46, 6)",0.0
7841,"(8, 46, 6)",0.0
7842,"(9, 46, 6)",0.0
7843,"(10, 46, 6)",0.0
7844,"(11, 46, 6)",0.0
7845,"(12, 46, 6)",0.0
7846,"(13, 46, 6)",0.0
7847,"(14, 46, 6)",0.0
7848,"(15, 46, 6)",0.0
7849,"(16, 46, 6)",0.0
7850,"(17, 46, 6)",0.0
7851,"(18, 46, 6)",0.0
7852,"(19, 46, 6)",0.0
7853,"(20, 46, 6)",0.0
7854,"(0, 46, 7)",0.0
7855,"(1, 46, 7)",0.0
7856,"(2, 46, 7)",0.0
7857,"(3, 46, 7)",0.0
7858,"(4, 46, 7)",0.0
7859,"(5, 46, 7)",0.0
7860,"(6, 46, 7)",0.0
7861,"(7, 46, 7)",0.0
7862,"(8, 46, 7)",0.0
7863,"(9, 46, 7)",0.0
7864,"(10, 46, 7)",0.0
7865,"(11, 46, 7)",0.0
7866,"(12, 46, 7)",0.0
7867,"(13, 46, 7)",0.0
7868,"(14, 46, 7)",0.0
7869,"(15, 46, 7)",0.0
7870,"(16, 46, 7)",0.0
7871,"(17, 46, 7)",0.0
7872,"(18, 46, 7)",0.0
7873,"(19, 46, 7)",0.0
7874,"(20, 46, 7)",0.0
7875,"(0, 46, 8)",0.0
7876,"(1, 46, 8)",0.0
7877,"(2, 46, 8)",0.0
7878,"(3, 46, 8)",0.0
7879,"(4, 46, 8)",0.0
7880,"(5, 46, 8)",0.0
7881,"(6, 46, 8)",0.0
7882,"(7, 46, 8)",0.0
7883,"(8, 46, 8)",0.0
7884,"(9, 46, 8)",0.0
7885,"(10, 46, 8)",0.0
7886,"(11, 46, 8)",0.0
7887,"(12, 46, 8)",0.0
7888,"(13, 46, 8)",0.0
7889,"(14, 46, 8)",0.0
7890,"(15, 46, 8)",0.0
7891,"(16, 46, 8)",0.0
7892,"(17, 46, 8)",0.0
7893,"(18, 46, 8)",0.0
7894,"(19, 46, 8)",0.0
7895,"(20, 46, 8)",0.0
7896,"(0, 47, 1)",0.0
7897,"(1, 47, 1)",0.0
7898,"(2, 47, 1)",0.0
7899,"(3, 47, 1)",0.0
7900,"(4, 47, 1)",0.0
7901,"(5, 47, 1)",0.0
7902,"(6, 47, 1)",0.0
7903,"(7, 47, 1)",0.0
7904,"(8, 47, 1)",0.0
7905,"(9, 47, 1)",0.0
7906,"(10, 47, 1)",0.0
7907,"(11, 47, 1)",0.0
7908,"(12, 47, 1)",0.0
7909,"(13, 47, 1)",0.0
7910,"(14, 47, 1)",0.0
7911,"(15, 47, 1)",0.0
7912,"(16, 47, 1)",0.0
7913,"(17, 47, 1)",0.0
7914,"(18, 47, 1)",0.0
7915,"(19, 47, 1)",0.0
7916,"(20, 47, 1)",0.0
7917,"(0, 47, 2)",0.0
7918,"(1, 47, 2)",0.0
7919,"(2, 47, 2)",0.0
7920,"(3, 47, 2)",0.0
7921,"(4, 47, 2)",0.0
7922,"(5, 47, 2)",0.0
7923,"(6, 47, 2)",0.0
7924,"(7, 47, 2)",0.0
7925,"(8, 47, 2)",0.0
7926,"(9, 47, 2)",0.0
7927,"(10, 47, 2)",0.0
7928,"(11, 47, 2)",0.0
7929,"(12, 47, 2)",0.0
7930,"(13, 47, 2)",0.0
7931,"(14, 47, 2)",0.0
7932,"(15, 47, 2)",0.0
7933,"(16, 47, 2)",0.0
7934,"(17, 47, 2)",0.0
7935,"(18, 47, 2)",0.0
7936,"(19, 47, 2)",0.0
7937,"(20, 47, 2)",0.0
7938,"(0, 47, 3)",0.0
7939,"(1, 47, 3)",0.0
7940,"(2, 47, 3)",0.0
7941,"(3, 47, 3)",0.0
7942,"(4, 47, 3)",0.0
7943,"(5, 47, 3)",0.0
7944,"(6, 47, 3)",0.0
7945,"(7, 47, 3)",0.0
7946,"(8, 47, 3)",0.0
7947,"(9, 47, 3)",0.0
7948,"(10, 47, 3)",0.0
7949,"(11, 47, 3)",0.0
7950,"(12, 47, 3)",0.0
7951,"(13, 47, 3)",0.0
7952,"(14, 47, 3)",0.0
7953,"(15, 47, 3)",0.0
7954,"(16, 47, 3)",0.0
7955,"(17, 47, 3)",0.0
7956,"(18, 47, 3)",0.0
7957,"(19, 47, 3)",0.0
7958,"(20, 47, 3)",0.0
7959,"(0, 47, 4)",0.0
7960,"(1, 47, 4)",0.0
7961,"(2, 47, 4)",0.0
7962,"(3, 47, 4)",0.0
7963,"(4, 47, 4)",0.0
7964,"(5, 47, 4)",0.0
7965,"(6, 47, 4)",0.0
7966,"(7, 47, 4)",0.0
7967,"(8, 47, 4)",0.0
7968,"(9, 47, 4)",0.0
7969,"(10, 47, 4)",0.0
7970,"(11, 47, 4)",0.0
7971,"(12, 47, 4)",0.0
7972,"(13, 47, 4)",0.0
7973,"(14, 47, 4)",0.0
7974,"(15, 47, 4)",0.0
7975,"(16, 47, 4)",0.0
7976,"(17, 47, 4)",0.0
7977,"(18, 47, 4)",0.0
7978,"(19, 47, 4)",0.0
7979,"(20, 47, 4)",0.0
7980,"(0, 47, 5)",0.0
7981,"(1, 47, 5)",0.0
7982,"(2, 47, 5)",0.0
7983,"(3, 47, 5)",0.0
7984,"(4, 47, 5)",0.0
7985,"(5, 47, 5)",0.0
7986,"(6, 47, 5)",0.0
7987,"(7, 47, 5)",0.0
7988,"(8, 47, 5)",0.0
7989,"(9, 47, 5)",0.0
7990,"(10, 47, 5)",0.0
7991,"(11, 47, 5)",0.0
7992,"(12, 47, 5)",0.0
7993,"(13, 47, 5)",0.0
7994,"(14, 47, 5)",0.0
7995,"(15, 47, 5)",0.0
7996,"(16, 47, 5)",0.0
7997,"(17, 47, 5)",0.0
7998,"(18, 47, 5)",0.0
7999,"(19, 47, 5)",0.0
8000,"(20, 47, 5)",0.0
8001,"(0, 47, 6)",0.0
8002,"(1, 47, 6)",0.0
8003,"(2, 47, 6)",0.0
8004,"(3, 47, 6)",0.0
8005,"(4, 47, 6)",0.0
8006,"(5, 47, 6)",0.0
8007,"(6, 47, 6)",0.0
8008,"(7, 47, 6)",0.0
8009,"(8, 47, 6)",0.0
8010,"(9, 47, 6)",0.0
8011,"(10, 47, 6)",0.0
8012,"(11, 47, 6)",0.0
8013,"(12, 47, 6)",0.0
8014,"(13, 47, 6)",0.0
8015,"(14, 47, 6)",0.0
8016,"(15, 47, 6)",0.0
8017,"(16, 47, 6)",0.0
8018,"(17, 47, 6)",0.0
8019,"(18, 47, 6)",0.0
8020,"(19, 47, 6)",0.0
8021,"(20, 47, 6)",0.0
8022,"(0, 47, 7)",0.0
8023,"(1, 47, 7)",0.0
8024,"(2, 47, 7)",0.0
8025,"(3, 47, 7)",0.0
8026,"(4, 47, 7)",0.0
8027,"(5, 47, 7)",0.0
8028,"(6, 47, 7)",0.0
8029,"(7, 47, 7)",0.0
8030,"(8, 47, 7)",0.0
8031,"(9, 47, 7)",0.0
8032,"(10, 47, 7)",0.0
8033,"(11, 47, 7)",0.0
8034,"(12, 47, 7)",0.0
8035,"(13, 47, 7)",0.0
8036,"(14, 47, 7)",0.0
8037,"(15, 47, 7)",0.0
8038,"(16, 47, 7)",0.0
8039,"(17, 47, 7)",0.0
8040,"(18, 47, 7)",0.0
8041,"(19, 47, 7)",0.0
8042,"(20, 47, 7)",0.0
8043,"(0, 47, 8)",0.0
8044,"(1, 47, 8)",0.0
8045,"(2, 47, 8)",0.0
8046,"(3, 47, 8)",0.0
8047,"(4, 47, 8)",0.0
8048,"(5, 47, 8)",0.0
8049,"(6, 47, 8)",0.0
8050,"(7, 47, 8)",0.0
8051,"(8, 47, 8)",0.0
8052,"(9, 47, 8)",0.0
8053,"(10, 47, 8)",0.0
8054,"(11, 47, 8)",0.0
8055,"(12, 47, 8)",0.0
8056,"(13, 47, 8)",0.0
8057,"(14, 47, 8)",0.0
8058,"(15, 47, 8)",0.0
8059,"(16, 47, 8)",0.0
8060,"(17, 47, 8)",0.0
8061,"(18, 47, 8)",0.0
8062,"(19, 47, 8)",0.0
8063,"(20, 47, 8)",0.0
8064,"(0, 48, 1)",0.0
8065,"(1, 48, 1)",0.0
8066,"(2, 48, 1)",0.0
8067,"(3, 48, 1)",0.0
8068,"(4, 48, 1)",0.0
8069,"(5, 48, 1)",0.0
8070,"(6, 48, 1)",0.0
8071,"(7, 48, 1)",0.0
8072,"(8, 48, 1)",0.0
8073,"(9, 48, 1)",0.0
8074,"(10, 48, 1)",0.0
8075,"(11, 48, 1)",0.0
8076,"(12, 48, 1)",0.0
8077,"(13, 48, 1)",0.0
8078,"(14, 48, 1)",0.0
8079,"(15, 48, 1)",0.0
8080,"(16, 48, 1)",0.0
8081,"(17, 48, 1)",0.0
8082,"(18, 48, 1)",0.0
8083,"(19, 48, 1)",0.0
8084,"(20, 48, 1)",0.0
8085,"(0, 48, 2)",0.0
8086,"(1, 48, 2)",0.0
8087,"(2, 48, 2)",0.0
8088,"(3, 48, 2)",0.0
8089,"(4, 48, 2)",0.0
8090,"(5, 48, 2)",0.0
8091,"(6, 48, 2)",0.0
8092,"(7, 48, 2)",0.0
8093,"(8, 48, 2)",0.0
8094,"(9, 48, 2)",0.0
8095,"(10, 48, 2)",0.0
8096,"(11, 48, 2)",0.0
8097,"(12, 48, 2)",0.0
8098,"(13, 48, 2)",0.0
8099,"(14, 48, 2)",0.0
8100,"(15, 48, 2)",0.0
8101,"(16, 48, 2)",0.0
8102,"(17, 48, 2)",0.0
8103,"(18, 48, 2)",0.0
8104,"(19, 48, 2)",0.0
8105,"(20, 48, 2)",0.0
8106,"(0, 48, 3)",0.0
8107,"(1, 48, 3)",0.0
8108,"(2, 48, 3)",0.0
8109,"(3, 48, 3)",0.0
8110,"(4, 48, 3)",0.0
8111,"(5, 48, 3)",0.0
8112,"(6, 48, 3)",0.0
8113,"(7, 48, 3)",0.0
8114,"(8, 48, 3)",0.0
8115,"(9, 48, 3)",0.0
8116,"(10, 48, 3)",0.0
8117,"(11, 48, 3)",0.0
8118,"(12, 48, 3)",0.0
8119,"(13, 48, 3)",0.0
8120,"(14, 48, 3)",0.0
8121,"(15, 48, 3)",0.0
8122,"(16, 48, 3)",0.0
8123,"(17, 48, 3)",0.0
8124,"(18, 48, 3)",0.0
8125,"(19, 48, 3)",0.0
8126,"(20, 48, 3)",0.0
8127,"(0, 48, 4)",0.0
8128,"(1, 48, 4)",0.0
8129,"(2, 48, 4)",0.0
8130,"(3, 48, 4)",0.0
8131,"(4, 48, 4)",0.0
8132,"(5, 48, 4)",0.0
8133,"(6, 48, 4)",0.0
8134,"(7, 48, 4)",0.0
8135,"(8, 48, 4)",0.0
8136,"(9, 48, 4)",0.0
8137,"(10, 48, 4)",0.0
8138,"(11, 48, 4)",0.0
8139,"(12, 48, 4)",0.0
8140,"(13, 48, 4)",0.0
8141,"(14, 48, 4)",0.0
8142,"(15, 48, 4)",0.0
8143,"(16, 48, 4)",0.0
8144,"(17, 48, 4)",0.0
8145,"(18, 48, 4)",0.0
8146,"(19, 48, 4)",0.0
8147,"(20, 48, 4)",0.0
8148,"(0, 48, 5)",0.0
8149,"(1, 48, 5)",0.0
8150,"(2, 48, 5)",0.0
8151,"(3, 48, 5)",0.0
8152,"(4, 48, 5)",0.0
8153,"(5, 48, 5)",0.0
8154,"(6, 48, 5)",0.0
8155,"(7, 48, 5)",0.0
8156,"(8, 48, 5)",0.0
8157,"(9, 48, 5)",0.0
8158,"(10, 48, 5)",0.0
8159,"(11, 48, 5)",0.0
8160,"(12, 48, 5)",0.0
8161,"(13, 48, 5)",0.0
8162,"(14, 48, 5)",0.0
8163,"(15, 48, 5)",0.0
8164,"(16, 48, 5)",0.0
8165,"(17, 48, 5)",0.0
8166,"(18, 48, 5)",0.0
8167,"(19, 48, 5)",0.0
8168,"(20, 48, 5)",0.0
8169,"(0, 48, 6)",0.0
8170,"(1, 48, 6)",0.0
8171,"(2, 48, 6)",0.0
8172,"(3, 48, 6)",0.0
8173,"(4, 48, 6)",0.0
8174,"(5, 48, 6)",0.0
8175,"(6, 48, 6)",0.0
8176,"(7, 48, 6)",0.0
8177,"(8, 48, 6)",0.0
8178,"(9, 48, 6)",0.0
8179,"(10, 48, 6)",0.0
8180,"(11, 48, 6)",0.0
8181,"(12, 48, 6)",0.0
8182,"(13, 48, 6)",0.0
8183,"(14, 48, 6)",0.0
8184,"(15, 48, 6)",0.0
8185,"(16, 48, 6)",0.0
8186,"(17, 48, 6)",0.0
8187,"(18, 48, 6)",0.0
8188,"(19, 48, 6)",0.0
8189,"(20, 48, 6)",0.0
8190,"(0, 48, 7)",0.0
8191,"(1, 48, 7)",0.0
8192,"(2, 48, 7)",0.0
8193,"(3, 48, 7)",0.0
8194,"(4, 48, 7)",0.0
8195,"(5, 48, 7)",0.0
8196,"(6, 48, 7)",0.0
8197,"(7, 48, 7)",0.0
8198,"(8, 48, 7)",0.0
8199,"(9, 48, 7)",0.0
8200,"(10, 48, 7)",0.0
8201,"(11, 48, 7)",0.0
8202,"(12, 48, 7)",0.0
8203,"(13, 48, 7)",0.0
8204,"(14, 48, 7)",0.0
8205,"(15, 48, 7)",0.0
8206,"(16, 48, 7)",0.0
8207,"(17, 48, 7)",0.0
8208,"(18, 48, 7)",0.0
8209,"(19, 48, 7)",0.0
8210,"(20, 48, 7)",0.0
8211,"(0, 48, 8)",0.0
8212,"(1, 48, 8)",0.0
8213,"(2, 48, 8)",0.0
8214,"(3, 48, 8)",0.0
8215,"(4, 48, 8)",0.0
8216,"(5, 48, 8)",0.0
8217,"(6, 48, 8)",0.0
8218,"(7, 48, 8)",0.0
8219,"(8, 48, 8)",0.0
8220,"(9, 48, 8)",0.0
8221,"(10, 48, 8)",0.0
8222,"(11, 48, 8)",0.0
8223,"(12, 48, 8)",0.0
8224,"(13, 48, 8)",0.0
8225,"(14, 48, 8)",0.0
8226,"(15, 48, 8)",0.0
8227,"(16, 48, 8)",0.0
8228,"(17, 48, 8)",0.0
8229,"(18, 48, 8)",0.0
8230,"(19, 48, 8)",0.0
8231,"(20, 48, 8)",0.0
8232,"(0, 49, 1)",0.0
8233,"(1, 49, 1)",0.0
8234,"(2, 49, 1)",0.0
8235,"(3, 49, 1)",0.0
8236,"(4, 49, 1)",0.0
8237,"(5, 49, 1)",0.0
8238,"(6, 49, 1)",0.0
8239,"(7, 49, 1)",0.0
8240,"(8, 49, 1)",0.0
8241,"(9, 49, 1)",0.0
8242,"(10, 49, 1)",0.0
8243,"(11, 49, 1)",0.0
8244,"(12, 49, 1)",0.0
8245,"(13, 49, 1)",0.0
8246,"(14, 49, 1)",0.0
8247,"(15, 49, 1)",0.0
8248,"(16, 49, 1)",0.0
8249,"(17, 49, 1)",0.0
8250,"(18, 49, 1)",0.0
8251,"(19, 49, 1)",0.0
8252,"(20, 49, 1)",0.0
8253,"(0, 49, 2)",0.0
8254,"(1, 49, 2)",0.0
8255,"(2, 49, 2)",0.0
8256,"(3, 49, 2)",0.0
8257,"(4, 49, 2)",0.0
8258,"(5, 49, 2)",0.0
8259,"(6, 49, 2)",0.0
8260,"(7, 49, 2)",0.0
8261,"(8, 49, 2)",0.0
8262,"(9, 49, 2)",0.0
8263,"(10, 49, 2)",0.0
8264,"(11, 49, 2)",0.0
8265,"(12, 49, 2)",0.0
8266,"(13, 49, 2)",0.0
8267,"(14, 49, 2)",0.0
8268,"(15, 49, 2)",0.0
8269,"(16, 49, 2)",0.0
8270,"(17, 49, 2)",0.0
8271,"(18, 49, 2)",0.0
8272,"(19, 49, 2)",0.0
8273,"(20, 49, 2)",0.0
8274,"(0, 49, 3)",0.0
8275,"(1, 49, 3)",0.0
8276,"(2, 49, 3)",0.0
8277,"(3, 49, 3)",0.0
8278,"(4, 49, 3)",0.0
8279,"(5, 49, 3)",0.0
8280,"(6, 49, 3)",0.0
8281,"(7, 49, 3)",0.0
8282,"(8, 49, 3)",0.0
8283,"(9, 49, 3)",0.0
8284,"(10, 49, 3)",0.0
8285,"(11, 49, 3)",0.0
8286,"(12, 49, 3)",0.0
8287,"(13, 49, 3)",0.0
8288,"(14, 49, 3)",0.0
8289,"(15, 49, 3)",0.0
8290,"(16, 49, 3)",0.0
8291,"(17, 49, 3)",0.0
8292,"(18, 49, 3)",0.0
8293,"(19, 49, 3)",0.0
8294,"(20, 49, 3)",0.0
8295,"(0, 49, 4)",0.0
8296,"(1, 49, 4)",0.0
8297,"(2, 49, 4)",0.0
8298,"(3, 49, 4)",0.0
8299,"(4, 49, 4)",0.0
8300,"(5, 49, 4)",0.0
8301,"(6, 49, 4)",0.0
8302,"(7, 49, 4)",0.0
8303,"(8, 49, 4)",0.0
8304,"(9, 49, 4)",0.0
8305,"(10, 49, 4)",0.0
8306,"(11, 49, 4)",0.0
8307,"(12, 49, 4)",0.0
8308,"(13, 49, 4)",0.0
8309,"(14, 49, 4)",0.0
8310,"(15, 49, 4)",0.0
8311,"(16, 49, 4)",0.0
8312,"(17, 49, 4)",0.0
8313,"(18, 49, 4)",0.0
8314,"(19, 49, 4)",0.0
8315,"(20, 49, 4)",0.0
8316,"(0, 49, 5)",0.0
8317,"(1, 49, 5)",0.0
8318,"(2, 49, 5)",0.0
8319,"(3, 49, 5)",0.0
8320,"(4, 49, 5)",0.0
8321,"(5, 49, 5)",0.0
8322,"(6, 49, 5)",0.0
8323,"(7, 49, 5)",0.0
8324,"(8, 49, 5)",0.0
8325,"(9, 49, 5)",0.0
8326,"(10, 49, 5)",0.0
8327,"(11, 49, 5)",0.0
8328,"(12, 49, 5)",0.0
8329,"(13, 49, 5)",0.0
8330,"(14, 49, 5)",0.0
8331,"(15, 49, 5)",0.0
8332,"(16, 49, 5)",0.0
8333,"(17, 49, 5)",0.0
8334,"(18, 49, 5)",0.0
8335,"(19, 49, 5)",0.0
8336,"(20, 49, 5)",0.0
8337,"(0, 49, 6)",0.0
8338,"(1, 49, 6)",0.0
8339,"(2, 49, 6)",0.0
8340,"(3, 49, 6)",0.0
8341,"(4, 49, 6)",0.0
8342,"(5, 49, 6)",0.0
8343,"(6, 49, 6)",0.0
8344,"(7, 49, 6)",0.0
8345,"(8, 49, 6)",0.0
8346,"(9, 49, 6)",0.0
8347,"(10, 49, 6)",0.0
8348,"(11, 49, 6)",0.0
8349,"(12, 49, 6)",0.0
8350,"(13, 49, 6)",0.0
8351,"(14, 49, 6)",0.0
8352,"(15, 49, 6)",0.0
8353,"(16, 49, 6)",0.0
8354,"(17, 49, 6)",0.0
8355,"(18, 49, 6)",0.0
8356,"(19, 49, 6)",0.0
8357,"(20, 49, 6)",0.0
8358,"(0, 49, 7)",0.0
8359,"(1, 49, 7)",0.0
8360,"(2, 49, 7)",0.0
8361,"(3, 49, 7)",0.0
8362,"(4, 49, 7)",0.0
8363,"(5, 49, 7)",0.0
8364,"(6, 49, 7)",0.0
8365,"(7, 49, 7)",0.0
8366,"(8, 49, 7)",0.0
8367,"(9, 49, 7)",0.0
8368,"(10, 49, 7)",0.0
8369,"(11, 49, 7)",0.0
8370,"(12, 49, 7)",0.0
8371,"(13, 49, 7)",0.0
8372,"(14, 49, 7)",0.0
8373,"(15, 49, 7)",0.0
8374,"(16, 49, 7)",0.0
8375,"(17, 49, 7)",0.0
8376,"(18, 49, 7)",0.0
8377,"(19, 49, 7)",0.0
8378,"(20, 49, 7)",0.0
8379,"(0, 49, 8)",0.0
8380,"(1, 49, 8)",0.0
8381,"(2, 49, 8)",0.0
8382,"(3, 49, 8)",0.0
8383,"(4, 49, 8)",0.0
8384,"(5, 49, 8)",0.0
8385,"(6, 49, 8)",0.0
8386,"(7, 49, 8)",0.0
8387,"(8, 49, 8)",0.0
8388,"(9, 49, 8)",0.0
8389,"(10, 49, 8)",0.0
8390,"(11, 49, 8)",0.0
8391,"(12, 49, 8)",0.0
8392,"(13, 49, 8)",0.0
8393,"(14, 49, 8)",0.0
8394,"(15, 49, 8)",0.0
8395,"(16, 49, 8)",0.0
8396,"(17, 49, 8)",0.0
8397,"(18, 49, 8)",0.0
8398,"(19, 49, 8)",0.0
8399,"(20, 49, 8)",0.0
8400,"(0, 50, 1)",0.0
8401,"(1, 50, 1)",0.0
8402,"(2, 50, 1)",0.0
8403,"(3, 50, 1)",0.0
8404,"(4, 50, 1)",0.0
8405,"(5, 50, 1)",0.0
8406,"(6, 50, 1)",0.0
8407,"(7, 50, 1)",0.0
8408,"(8, 50, 1)",0.0
8409,"(9, 50, 1)",0.0
8410,"(10, 50, 1)",0.0
8411,"(11, 50, 1)",0.0
8412,"(12, 50, 1)",0.0
8413,"(13, 50, 1)",0.0
8414,"(14, 50, 1)",0.0
8415,"(15, 50, 1)",0.0
8416,"(16, 50, 1)",0.0
8417,"(17, 50, 1)",0.0
8418,"(18, 50, 1)",0.0
8419,"(19, 50, 1)",0.0
8420,"(20, 50, 1)",0.0
8421,"(0, 50, 2)",0.0
8422,"(1, 50, 2)",0.0
8423,"(2, 50, 2)",0.0
8424,"(3, 50, 2)",0.0
8425,"(4, 50, 2)",0.0
8426,"(5, 50, 2)",0.0
8427,"(6, 50, 2)",0.0
8428,"(7, 50, 2)",0.0
8429,"(8, 50, 2)",0.0
8430,"(9, 50, 2)",0.0
8431,"(10, 50, 2)",0.0
8432,"(11, 50, 2)",0.0
8433,"(12, 50, 2)",0.0
8434,"(13, 50, 2)",0.0
8435,"(14, 50, 2)",0.0
8436,"(15, 50, 2)",0.0
8437,"(16, 50, 2)",0.0
8438,"(17, 50, 2)",0.0
8439,"(18, 50, 2)",0.0
8440,"(19, 50, 2)",0.0
8441,"(20, 50, 2)",0.0
8442,"(0, 50, 3)",0.0
8443,"(1, 50, 3)",0.0
8444,"(2, 50, 3)",0.0
8445,"(3, 50, 3)",0.0
8446,"(4, 50, 3)",0.0
8447,"(5, 50, 3)",0.0
8448,"(6, 50, 3)",0.0
8449,"(7, 50, 3)",0.0
8450,"(8, 50, 3)",0.0
8451,"(9, 50, 3)",0.0
8452,"(10, 50, 3)",0.0
8453,"(11, 50, 3)",0.0
8454,"(12, 50, 3)",0.0
8455,"(13, 50, 3)",0.0
8456,"(14, 50, 3)",0.0
8457,"(15, 50, 3)",0.0
8458,"(16, 50, 3)",0.0
8459,"(17, 50, 3)",0.0
8460,"(18, 50, 3)",0.0
8461,"(19, 50, 3)",0.0
8462,"(20, 50, 3)",0.0
8463,"(0, 50, 4)",0.0
8464,"(1, 50, 4)",0.0
8465,"(2, 50, 4)",0.0
8466,"(3, 50, 4)",0.0
8467,"(4, 50, 4)",0.0
8468,"(5, 50, 4)",0.0
8469,"(6, 50, 4)",0.0
8470,"(7, 50, 4)",0.0
8471,"(8, 50, 4)",0.0
8472,"(9, 50, 4)",0.0
8473,"(10, 50, 4)",0.0
8474,"(11, 50, 4)",0.0
8475,"(12, 50, 4)",0.0
8476,"(13, 50, 4)",0.0
8477,"(14, 50, 4)",0.0
8478,"(15, 50, 4)",0.0
8479,"(16, 50, 4)",0.0
8480,"(17, 50, 4)",0.0
8481,"(18, 50, 4)",0.0
8482,"(19, 50, 4)",0.0
8483,"(20, 50, 4)",0.0
8484,"(0, 50, 5)",0.0
8485,"(1, 50, 5)",0.0
8486,"(2, 50, 5)",0.0
8487,"(3, 50, 5)",0.0
8488,"(4, 50, 5)",0.0
8489,"(5, 50, 5)",0.0
8490,"(6, 50, 5)",0.0
8491,"(7, 50, 5)",0.0
8492,"(8, 50, 5)",0.0
8493,"(9, 50, 5)",0.0
8494,"(10, 50, 5)",0.0
8495,"(11, 50, 5)",0.0
8496,"(12, 50, 5)",0.0
8497,"(13, 50, 5)",0.0
8498,"(14, 50, 5)",0.0
8499,"(15, 50, 5)",0.0
8500,"(16, 50, 5)",0.0
8501,"(17, 50, 5)",0.0
8502,"(18, 50, 5)",0.0
8503,"(19, 50, 5)",0.0
8504,"(20, 50, 5)",0.0
8505,"(0, 50, 6)",0.0
8506,"(1, 50, 6)",0.0
8507,"(2, 50, 6)",0.0
8508,"(3, 50, 6)",0.0
8509,"(4, 50, 6)",0.0
8510,"(5, 50, 6)",0.0
8511,"(6, 50, 6)",0.0
8512,"(7, 50, 6)",0.0
8513,"(8, 50, 6)",0.0
8514,"(9, 50, 6)",0.0
8515,"(10, 50, 6)",0.0
8516,"(11, 50, 6)",0.0
8517,"(12, 50, 6)",0.0
8518,"(13, 50, 6)",0.0
8519,"(14, 50, 6)",0.0
8520,"(15, 50, 6)",0.0
8521,"(16, 50, 6)",0.0
8522,"(17, 50, 6)",0.0
8523,"(18, 50, 6)",0.0
8524,"(19, 50, 6)",0.0
8525,"(20, 50, 6)",0.0
8526,"(0, 50, 7)",0.0
8527,"(1, 50, 7)",0.0
8528,"(2, 50, 7)",0.0
8529,"(3, 50, 7)",0.0
8530,"(4, 50, 7)",0.0
8531,"(5, 50, 7)",0.0
8532,"(6, 50, 7)",0.0
8533,"(7, 50, 7)",0.0
8534,"(8, 50, 7)",0.0
8535,"(9, 50, 7)",0.0
8536,"(10, 50, 7)",0.0
8537,"(11, 50, 7)",0.0
8538,"(12, 50, 7)",0.0
8539,"(13, 50, 7)",0.0
8540,"(14, 50, 7)",0.0
8541,"(15, 50, 7)",0.0
8542,"(16, 50, 7)",0.0
8543,"(17, 50, 7)",0.0
8544,"(18, 50, 7)",0.0
8545,"(19, 50, 7)",0.0
8546,"(20, 50, 7)",0.0
8547,"(0, 50, 8)",0.0
8548,"(1, 50, 8)",0.0
8549,"(2, 50, 8)",0.0
8550,"(3, 50, 8)",0.0
8551,"(4, 50, 8)",0.0
8552,"(5, 50, 8)",0.0
8553,"(6, 50, 8)",0.0
8554,"(7, 50, 8)",0.0
8555,"(8, 50, 8)",0.0
8556,"(9, 50, 8)",0.0
8557,"(10, 50, 8)",0.0
8558,"(11, 50, 8)",0.0
8559,"(12, 50, 8)",0.0
8560,"(13, 50, 8)",0.0
8561,"(14, 50, 8)",0.0
8562,"(15, 50, 8)",0.0
8563,"(16, 50, 8)",0.0
8564,"(17, 50, 8)",0.0
8565,"(18, 50, 8)",0.0
8566,"(19, 50, 8)",0.0
8567,"(20, 50, 8)",0.0
8568,"(0, 51, 1)",0.0
8569,"(1, 51, 1)",0.0
8570,"(2, 51, 1)",0.0
8571,"(3, 51, 1)",0.0
8572,"(4, 51, 1)",0.0
8573,"(5, 51, 1)",0.0
8574,"(6, 51, 1)",0.0
8575,"(7, 51, 1)",0.0
8576,"(8, 51, 1)",0.0
8577,"(9, 51, 1)",0.0
8578,"(10, 51, 1)",0.0
8579,"(11, 51, 1)",0.0
8580,"(12, 51, 1)",0.0
8581,"(13, 51, 1)",0.0
8582,"(14, 51, 1)",0.0
8583,"(15, 51, 1)",0.0
8584,"(16, 51, 1)",0.0
8585,"(17, 51, 1)",0.0
8586,"(18, 51, 1)",0.0
8587,"(19, 51, 1)",0.0
8588,"(20, 51, 1)",0.0
8589,"(0, 51, 2)",0.0
8590,"(1, 51, 2)",0.0
8591,"(2, 51, 2)",0.0
8592,"(3, 51, 2)",0.0
8593,"(4, 51, 2)",0.0
8594,"(5, 51, 2)",0.0
8595,"(6, 51, 2)",0.0
8596,"(7, 51, 2)",0.0
8597,"(8, 51, 2)",0.0
8598,"(9, 51, 2)",0.0
8599,"(10, 51, 2)",0.0
8600,"(11, 51, 2)",0.0
8601,"(12, 51, 2)",0.0
8602,"(13, 51, 2)",0.0
8603,"(14, 51, 2)",0.0
8604,"(15, 51, 2)",0.0
8605,"(16, 51, 2)",0.0
8606,"(17, 51, 2)",0.0
8607,"(18, 51, 2)",0.0
8608,"(19, 51, 2)",0.0
8609,"(20, 51, 2)",0.0
8610,"(0, 51, 3)",0.0
8611,"(1, 51, 3)",0.0
8612,"(2, 51, 3)",0.0
8613,"(3, 51, 3)",0.0
8614,"(4, 51, 3)",0.0
8615,"(5, 51, 3)",0.0
8616,"(6, 51, 3)",0.0
8617,"(7, 51, 3)",0.0
8618,"(8, 51, 3)",0.0
8619,"(9, 51, 3)",0.0
8620,"(10, 51, 3)",0.0
8621,"(11, 51, 3)",0.0
8622,"(12, 51, 3)",0.0
8623,"(13, 51, 3)",0.0
8624,"(14, 51, 3)",0.0
8625,"(15, 51, 3)",0.0
8626,"(16, 51, 3)",0.0
8627,"(17, 51, 3)",0.0
8628,"(18, 51, 3)",0.0
8629,"(19, 51, 3)",0.0
8630,"(20, 51, 3)",0.0
8631,"(0, 51, 4)",0.0
8632,"(1, 51, 4)",0.0
8633,"(2, 51, 4)",0.0
8634,"(3, 51, 4)",0.0
8635,"(4, 51, 4)",0.0
8636,"(5, 51, 4)",0.0
8637,"(6, 51, 4)",0.0
8638,"(7, 51, 4)",0.0
8639,"(8, 51, 4)",0.0
8640,"(9, 51, 4)",0.0
8641,"(10, 51, 4)",0.0
8642,"(11, 51, 4)",0.0
8643,"(12, 51, 4)",0.0
8644,"(13, 51, 4)",0.0
8645,"(14, 51, 4)",0.0
8646,"(15, 51, 4)",0.0
8647,"(16, 51, 4)",0.0
8648,"(17, 51, 4)",0.0
8649,"(18, 51, 4)",0.0
8650,"(19, 51, 4)",0.0
8651,"(20, 51, 4)",0.0
8652,"(0, 51, 5)",0.0
8653,"(1, 51, 5)",0.0
8654,"(2, 51, 5)",0.0
8655,"(3, 51, 5)",0.0
8656,"(4, 51, 5)",0.0
8657,"(5, 51, 5)",0.0
8658,"(6, 51, 5)",0.0
8659,"(7, 51, 5)",0.0
8660,"(8, 51, 5)",0.0
8661,"(9, 51, 5)",0.0
8662,"(10, 51, 5)",0.0
8663,"(11, 51, 5)",0.0
8664,"(12, 51, 5)",0.0
8665,"(13, 51, 5)",0.0
8666,"(14, 51, 5)",0.0
8667,"(15, 51, 5)",0.0
8668,"(16, 51, 5)",0.0
8669,"(17, 51, 5)",0.0
8670,"(18, 51, 5)",0.0
8671,"(19, 51, 5)",0.0
8672,"(20, 51, 5)",0.0
8673,"(0, 51, 6)",0.0
8674,"(1, 51, 6)",0.0
8675,"(2, 51, 6)",0.0
8676,"(3, 51, 6)",0.0
8677,"(4, 51, 6)",0.0
8678,"(5, 51, 6)",0.0
8679,"(6, 51, 6)",0.0
8680,"(7, 51, 6)",0.0
8681,"(8, 51, 6)",0.0
8682,"(9, 51, 6)",0.0
8683,"(10, 51, 6)",0.0
8684,"(11, 51, 6)",0.0
8685,"(12, 51, 6)",0.0
8686,"(13, 51, 6)",0.0
8687,"(14, 51, 6)",0.0
8688,"(15, 51, 6)",0.0
8689,"(16, 51, 6)",0.0
8690,"(17, 51, 6)",0.0
8691,"(18, 51, 6)",0.0
8692,"(19, 51, 6)",0.0
8693,"(20, 51, 6)",0.0
8694,"(0, 51, 7)",0.0
8695,"(1, 51, 7)",0.0
8696,"(2, 51, 7)",0.0
8697,"(3, 51, 7)",0.0
8698,"(4, 51, 7)",0.0
8699,"(5, 51, 7)",0.0
8700,"(6, 51, 7)",0.0
8701,"(7, 51, 7)",0.0
8702,"(8, 51, 7)",0.0
8703,"(9, 51, 7)",0.0
8704,"(10, 51, 7)",0.0
8705,"(11, 51, 7)",0.0
8706,"(12, 51, 7)",0.0
8707,"(13, 51, 7)",0.0
8708,"(14, 51, 7)",0.0
8709,"(15, 51, 7)",0.0
8710,"(16, 51, 7)",0.0
8711,"(17, 51, 7)",0.0
8712,"(18, 51, 7)",0.0
8713,"(19, 51, 7)",0.0
8714,"(20, 51, 7)",0.0
8715,"(0, 51, 8)",0.0
8716,"(1, 51, 8)",0.0
8717,"(2, 51, 8)",0.0
8718,"(3, 51, 8)",0.0
8719,"(4, 51, 8)",0.0
8720,"(5, 51, 8)",0.0
8721,"(6, 51, 8)",0.0
8722,"(7, 51, 8)",0.0
8723,"(8, 51, 8)",0.0
8724,"(9, 51, 8)",0.0
8725,"(10, 51, 8)",0.0
8726,"(11, 51, 8)",0.0
8727,"(12, 51, 8)",0.0
8728,"(13, 51, 8)",0.0
8729,"(14, 51, 8)",0.0
8730,"(15, 51, 8)",0.0
8731,"(16, 51, 8)",0.0
8732,"(17, 51, 8)",0.0
8733,"(18, 51, 8)",0.0
8734,"(19, 51, 8)",0.0
8735,"(20, 51, 8)",0.0
8736,"(0, 52, 1)",0.0
8737,"(1, 52, 1)",0.0
8738,"(2, 52, 1)",0.0
8739,"(3, 52, 1)",0.0
8740,"(4, 52, 1)",0.0
8741,"(5, 52, 1)",0.0
8742,"(6, 52, 1)",0.0
8743,"(7, 52, 1)",0.0
8744,"(8, 52, 1)",0.0
8745,"(9, 52, 1)",0.0
8746,"(10, 52, 1)",0.0
8747,"(11, 52, 1)",0.0
8748,"(12, 52, 1)",0.0
8749,"(13, 52, 1)",0.0
8750,"(14, 52, 1)",0.0
8751,"(15, 52, 1)",0.0
8752,"(16, 52, 1)",0.0
8753,"(17, 52, 1)",0.0
8754,"(18, 52, 1)",0.0
8755,"(19, 52, 1)",0.0
8756,"(20, 52, 1)",0.0
8757,"(0, 52, 2)",0.0
8758,"(1, 52, 2)",0.0
8759,"(2, 52, 2)",0.0
8760,"(3, 52, 2)",0.0
8761,"(4, 52, 2)",0.0
8762,"(5, 52, 2)",0.0
8763,"(6, 52, 2)",0.0
8764,"(7, 52, 2)",0.0
8765,"(8, 52, 2)",0.0
8766,"(9, 52, 2)",0.0
8767,"(10, 52, 2)",0.0
8768,"(11, 52, 2)",0.0
8769,"(12, 52, 2)",1.1102230246251565e-15
8770,"(13, 52, 2)",0.0
8771,"(14, 52, 2)",0.0
8772,"(15, 52, 2)",0.0
8773,"(16, 52, 2)",0.0
8774,"(17, 52, 2)",0.0
8775,"(18, 52, 2)",0.0
8776,"(19, 52, 2)",0.0
8777,"(20, 52, 2)",0.0
8778,"(0, 52, 3)",0.0
8779,"(1, 52, 3)",0.0
8780,"(2, 52, 3)",0.0
8781,"(3, 52, 3)",0.0
8782,"(4, 52, 3)",0.0
8783,"(5, 52, 3)",0.0
8784,"(6, 52, 3)",0.0
8785,"(7, 52, 3)",0.0
8786,"(8, 52, 3)",0.0
8787,"(9, 52, 3)",0.0
8788,"(10, 52, 3)",0.0
8789,"(11, 52, 3)",0.0
8790,"(12, 52, 3)",0.0
8791,"(13, 52, 3)",0.0
8792,"(14, 52, 3)",0.0
8793,"(15, 52, 3)",0.0
8794,"(16, 52, 3)",0.0
8795,"(17, 52, 3)",0.0
8796,"(18, 52, 3)",0.0
8797,"(19, 52, 3)",0.0
8798,"(20, 52, 3)",0.0
8799,"(0, 52, 4)",0.0
8800,"(1, 52, 4)",0.0
8801,"(2, 52, 4)",0.0
8802,"(3, 52, 4)",0.0
8803,"(4, 52, 4)",0.0
8804,"(5, 52, 4)",0.0
8805,"(6, 52, 4)",0.0
8806,"(7, 52, 4)",0.0
8807,"(8, 52, 4)",0.0
8808,"(9, 52, 4)",0.0
8809,"(10, 52, 4)",0.0
8810,"(11, 52, 4)",0.0
8811,"(12, 52, 4)",0.0
8812,"(13, 52, 4)",0.0
8813,"(14, 52, 4)",0.0
8814,"(15, 52, 4)",0.0
8815,"(16, 52, 4)",1.1842378929335e-14
8816,"(17, 52, 4)",0.0
8817,"(18, 52, 4)",0.0
8818,"(19, 52, 4)",0.0
8819,"(20, 52, 4)",0.0
8820,"(0, 52, 5)",0.0
8821,"(1, 52, 5)",0.0
8822,"(2, 52, 5)",0.0
8823,"(3, 52, 5)",0.0
8824,"(4, 52, 5)",0.0
8825,"(5, 52, 5)",0.0
8826,"(6, 52, 5)",0.0
8827,"(7, 52, 5)",0.0
8828,"(8, 52, 5)",0.0
8829,"(9, 52, 5)",0.0
8830,"(10, 52, 5)",0.0
8831,"(11, 52, 5)",0.0
8832,"(12, 52, 5)",0.0
8833,"(13, 52, 5)",0.0
8834,"(14, 52, 5)",0.0
8835,"(15, 52, 5)",0.0
8836,"(16, 52, 5)",0.0
8837,"(17, 52, 5)",0.0
8838,"(18, 52, 5)",0.0
8839,"(19, 52, 5)",0.0
8840,"(20, 52, 5)",0.0
8841,"(0, 52, 6)",0.0
8842,"(1, 52, 6)",0.0
8843,"(2, 52, 6)",0.0
8844,"(3, 52, 6)",0.0
8845,"(4, 52, 6)",0.0
8846,"(5, 52, 6)",0.0
8847,"(6, 52, 6)",0.0
8848,"(7, 52, 6)",0.0
8849,"(8, 52, 6)",0.0
8850,"(9, 52, 6)",0.0
8851,"(10, 52, 6)",0.0
8852,"(11, 52, 6)",0.0
8853,"(12, 52, 6)",0.0
8854,"(13, 52, 6)",0.0
8855,"(14, 52, 6)",0.0
8856,"(15, 52, 6)",0.0
8857,"(16, 52, 6)",0.0
8858,"(17, 52, 6)",0.0
8859,"(18, 52, 6)",0.0
8860,"(19, 52, 6)",0.0
8861,"(20, 52, 6)",0.0
8862,"(0, 52, 7)",0.0
8863,"(1, 52, 7)",0.0
8864,"(2, 52, 7)",0.0
8865,"(3, 52, 7)",0.0
8866,"(4, 52, 7)",0.0
8867,"(5, 52, 7)",0.0
8868,"(6, 52, 7)",0.0
8869,"(7, 52, 7)",0.0
8870,"(8, 52, 7)",0.0
8871,"(9, 52, 7)",0.0
8872,"(10, 52, 7)",0.0
8873,"(11, 52, 7)",0.0
8874,"(12, 52, 7)",0.0
8875,"(13, 52, 7)",0.0
8876,"(14, 52, 7)",0.0
8877,"(15, 52, 7)",0.0
8878,"(16, 52, 7)",0.0
8879,"(17, 52, 7)",0.0
8880,"(18, 52, 7)",0.0
8881,"(19, 52, 7)",0.0
8882,"(20, 52, 7)",0.0
8883,"(0, 52, 8)",0.0
8884,"(1, 52, 8)",0.0
8885,"(2, 52, 8)",0.0
8886,"(3, 52, 8)",0.0
8887,"(4, 52, 8)",0.0
8888,"(5, 52, 8)",0.0
8889,"(6, 52, 8)",0.0
8890,"(7, 52, 8)",0.0
8891,"(8, 52, 8)",0.0
8892,"(9, 52, 8)",0.0
8893,"(10, 52, 8)",0.0
8894,"(11, 52, 8)",0.0
8895,"(12, 52, 8)",0.0
8896,"(13, 52, 8)",0.0
8897,"(14, 52, 8)",0.0
8898,"(15, 52, 8)",0.0
8899,"(16, 52, 8)",0.0
8900,"(17, 52, 8)",0.0
8901,"(18, 52, 8)",0.0
8902,"(19, 52, 8)",0.0
8903,"(20, 52, 8)",0.0
8904,"(0, 53, 1)",0.0
8905,"(1, 53, 1)",0.0
8906,"(2, 53, 1)",0.0
8907,"(3, 53, 1)",0.0
8908,"(4, 53, 1)",0.0
8909,"(5, 53, 1)",0.0
8910,"(6, 53, 1)",0.0
8911,"(7, 53, 1)",0.0
8912,"(8, 53, 1)",0.0
8913,"(9, 53, 1)",0.0
8914,"(10, 53, 1)",0.0
8915,"(11, 53, 1)",0.0
8916,"(12, 53, 1)",0.0
8917,"(13, 53, 1)",0.0
8918,"(14, 53, 1)",0.0
8919,"(15, 53, 1)",0.0
8920,"(16, 53, 1)",0.0
8921,"(17, 53, 1)",0.0
8922,"(18, 53, 1)",0.0
8923,"(19, 53, 1)",0.0
8924,"(20, 53, 1)",0.0
8925,"(0, 53, 2)",0.0
8926,"(1, 53, 2)",0.0
8927,"(2, 53, 2)",0.0
8928,"(3, 53, 2)",0.0
8929,"(4, 53, 2)",0.0
8930,"(5, 53, 2)",0.0
8931,"(6, 53, 2)",0.0
8932,"(7, 53, 2)",0.0
8933,"(8, 53, 2)",0.0
8934,"(9, 53, 2)",0.0
8935,"(10, 53, 2)",0.0
8936,"(11, 53, 2)",0.0
8937,"(12, 53, 2)",0.0
8938,"(13, 53, 2)",0.0
8939,"(14, 53, 2)",0.0
8940,"(15, 53, 2)",0.0
8941,"(16, 53, 2)",0.0
8942,"(17, 53, 2)",0.0
8943,"(18, 53, 2)",0.0
8944,"(19, 53, 2)",0.0
8945,"(20, 53, 2)",0.0
8946,"(0, 53, 3)",0.0
8947,"(1, 53, 3)",0.0
8948,"(2, 53, 3)",0.0
8949,"(3, 53, 3)",0.0
8950,"(4, 53, 3)",0.0
8951,"(5, 53, 3)",0.0
8952,"(6, 53, 3)",0.0
8953,"(7, 53, 3)",0.0
8954,"(8, 53, 3)",0.0
8955,"(9, 53, 3)",0.0
8956,"(10, 53, 3)",0.0
8957,"(11, 53, 3)",0.0
8958,"(12, 53, 3)",0.0
8959,"(13, 53, 3)",0.0
8960,"(14, 53, 3)",0.0
8961,"(15, 53, 3)",0.0
8962,"(16, 53, 3)",0.0
8963,"(17, 53, 3)",0.0
8964,"(18, 53, 3)",0.0
8965,"(19, 53, 3)",0.0
8966,"(20, 53, 3)",0.0
8967,"(0, 53, 4)",0.0
8968,"(1, 53, 4)",0.0
8969,"(2, 53, 4)",0.0
8970,"(3, 53, 4)",0.0
8971,"(4, 53, 4)",0.0
8972,"(5, 53, 4)",0.0
8973,"(6, 53, 4)",0.0
8974,"(7, 53, 4)",0.0
8975,"(8, 53, 4)",0.0
8976,"(9, 53, 4)",0.0
8977,"(10, 53, 4)",0.0
8978,"(11, 53, 4)",0.0
8979,"(12, 53, 4)",0.0
8980,"(13, 53, 4)",0.0
8981,"(14, 53, 4)",0.0
8982,"(15, 53, 4)",0.0
8983,"(16, 53, 4)",0.0
8984,"(17, 53, 4)",0.0
8985,"(18, 53, 4)",0.0
8986,"(19, 53, 4)",0.0
8987,"(20, 53, 4)",0.0
8988,"(0, 53, 5)",0.0
8989,"(1, 53, 5)",0.0
8990,"(2, 53, 5)",0.0
8991,"(3, 53, 5)",0.0
8992,"(4, 53, 5)",0.0
8993,"(5, 53, 5)",0.0
8994,"(6, 53, 5)",0.0
8995,"(7, 53, 5)",0.0
8996,"(8, 53, 5)",0.0
8997,"(9, 53, 5)",0.0
8998,"(10, 53, 5)",0.0
8999,"(11, 53, 5)",0.0
9000,"(12, 53, 5)",0.0
9001,"(13, 53, 5)",0.0
9002,"(14, 53, 5)",0.0
9003,"(15, 53, 5)",0.0
9004,"(16, 53, 5)",0.0
9005,"(17, 53, 5)",0.0
9006,"(18, 53, 5)",0.0
9007,"(19, 53, 5)",0.0
9008,"(20, 53, 5)",0.0
9009,"(0, 53, 6)",0.0
9010,"(1, 53, 6)",0.0
9011,"(2, 53, 6)",0.0
9012,"(3, 53, 6)",0.0
9013,"(4, 53, 6)",0.0
9014,"(5, 53, 6)",0.0
9015,"(6, 53, 6)",0.0
9016,"(7, 53, 6)",0.0
9017,"(8, 53, 6)",0.0
9018,"(9, 53, 6)",0.0
9019,"(10, 53, 6)",0.0
9020,"(11, 53, 6)",0.0
9021,"(12, 53, 6)",0.0
9022,"(13, 53, 6)",0.0
9023,"(14, 53, 6)",0.0
9024,"(15, 53, 6)",0.0
9025,"(16, 53, 6)",0.0
9026,"(17, 53, 6)",0.0
9027,"(18, 53, 6)",0.0
9028,"(19, 53, 6)",0.0
9029,"(20, 53, 6)",0.0
9030,"(0, 53, 7)",0.0
9031,"(1, 53, 7)",0.0
9032,"(2, 53, 7)",0.0
9033,"(3, 53, 7)",0.0
9034,"(4, 53, 7)",0.0
9035,"(5, 53, 7)",0.0
9036,"(6, 53, 7)",0.0
9037,"(7, 53, 7)",0.0
9038,"(8, 53, 7)",0.0
9039,"(9, 53, 7)",0.0
9040,"(10, 53, 7)",0.0
9041,"(11, 53, 7)",0.0
9042,"(12, 53, 7)",0.0
9043,"(13, 53, 7)",0.0
9044,"(14, 53, 7)",0.0
9045,"(15, 53, 7)",0.0
9046,"(16, 53, 7)",0.0
9047,"(17, 53, 7)",0.0
9048,"(18, 53, 7)",0.0
9049,"(19, 53, 7)",0.0
9050,"(20, 53, 7)",0.0
9051,"(0, 53, 8)",0.0
9052,"(1, 53, 8)",0.0
9053,"(2, 53, 8)",0.0
9054,"(3, 53, 8)",0.0
9055,"(4, 53, 8)",0.0
9056,"(5, 53, 8)",0.0
9057,"(6, 53, 8)",0.0
9058,"(7, 53, 8)",0.0
9059,"(8, 53, 8)",0.0
9060,"(9, 53, 8)",0.0
9061,"(10, 53, 8)",0.0
9062,"(11, 53, 8)",0.0
9063,"(12, 53, 8)",0.0
9064,"(13, 53, 8)",0.0
9065,"(14, 53, 8)",0.0
9066,"(15, 53, 8)",0.0
9067,"(16, 53, 8)",0.0
9068,"(17, 53, 8)",0.0
9069,"(18, 53, 8)",0.0
9070,"(19, 53, 8)",0.0
9071,"(20, 53, 8)",0.0
9072,"(0, 54, 1)",0.0
9073,"(1, 54, 1)",0.0
9074,"(2, 54, 1)",0.0
9075,"(3, 54, 1)",0.0
9076,"(4, 54, 1)",0.0
9077,"(5, 54, 1)",0.0
9078,"(6, 54, 1)",0.0
9079,"(7, 54, 1)",0.0
9080,"(8, 54, 1)",0.0
9081,"(9, 54, 1)",0.0
9082,"(10, 54, 1)",0.0
9083,"(11, 54, 1)",0.0
9084,"(12, 54, 1)",0.0
9085,"(13, 54, 1)",0.0
9086,"(14, 54, 1)",0.0
9087,"(15, 54, 1)",0.0
9088,"(16, 54, 1)",0.0
9089,"(17, 54, 1)",0.0
9090,"(18, 54, 1)",0.0
9091,"(19, 54, 1)",0.0
9092,"(20, 54, 1)",0.0
9093,"(0, 54, 2)",0.0
9094,"(1, 54, 2)",0.0
9095,"(2, 54, 2)",0.0
9096,"(3, 54, 2)",0.0
9097,"(4, 54, 2)",0.0
9098,"(5, 54, 2)",0.0
9099,"(6, 54, 2)",0.0
9100,"(7, 54, 2)",0.0
9101,"(8, 54, 2)",0.0
9102,"(9, 54, 2)",0.0
9103,"(10, 54, 2)",0.0
9104,"(11, 54, 2)",0.0
9105,"(12, 54, 2)",0.0
9106,"(13, 54, 2)",0.0
9107,"(14, 54, 2)",0.0
9108,"(15, 54, 2)",0.0
9109,"(16, 54, 2)",0.0
9110,"(17, 54, 2)",0.0
9111,"(18, 54, 2)",0.0
9112,"(19, 54, 2)",0.0
9113,"(20, 54, 2)",0.0
9114,"(0, 54, 3)",0.0
9115,"(1, 54, 3)",0.0
9116,"(2, 54, 3)",0.0
9117,"(3, 54, 3)",0.0
9118,"(4, 54, 3)",0.0
9119,"(5, 54, 3)",0.0
9120,"(6, 54, 3)",0.0
9121,"(7, 54, 3)",0.0
9122,"(8, 54, 3)",0.0
9123,"(9, 54, 3)",0.0
9124,"(10, 54, 3)",0.0
9125,"(11, 54, 3)",0.0
9126,"(12, 54, 3)",0.0
9127,"(13, 54, 3)",0.0
9128,"(14, 54, 3)",0.0
9129,"(15, 54, 3)",0.0
9130,"(16, 54, 3)",0.0
9131,"(17, 54, 3)",0.0
9132,"(18, 54, 3)",0.0
9133,"(19, 54, 3)",0.0
9134,"(20, 54, 3)",0.0
9135,"(0, 54, 4)",0.0
9136,"(1, 54, 4)",0.0
9137,"(2, 54, 4)",0.0
9138,"(3, 54, 4)",0.0
9139,"(4, 54, 4)",0.0
9140,"(5, 54, 4)",0.0
9141,"(6, 54, 4)",0.0
9142,"(7, 54, 4)",0.0
9143,"(8, 54, 4)",0.0
9144,"(9, 54, 4)",0.0
9145,"(10, 54, 4)",0.0
9146,"(11, 54, 4)",0.0
9147,"(12, 54, 4)",0.0
9148,"(13, 54, 4)",0.0
9149,"(14, 54, 4)",0.0
9150,"(15, 54, 4)",0.0
9151,"(16, 54, 4)",0.0
9152,"(17, 54, 4)",0.0
9153,"(18, 54, 4)",0.0
9154,"(19, 54, 4)",0.0
9155,"(20, 54, 4)",0.0
9156,"(0, 54, 5)",0.0
9157,"(1, 54, 5)",0.0
9158,"(2, 54, 5)",0.0
9159,"(3, 54, 5)",0.0
9160,"(4, 54, 5)",0.0
9161,"(5, 54, 5)",0.0
9162,"(6, 54, 5)",0.0
9163,"(7, 54, 5)",0.0
9164,"(8, 54, 5)",0.0
9165,"(9, 54, 5)",0.0
9166,"(10, 54, 5)",0.0
9167,"(11, 54, 5)",0.0
9168,"(12, 54, 5)",0.0
9169,"(13, 54, 5)",0.0
9170,"(14, 54, 5)",0.0
9171,"(15, 54, 5)",0.0
9172,"(16, 54, 5)",0.0
9173,"(17, 54, 5)",0.0
9174,"(18, 54, 5)",0.0
9175,"(19, 54, 5)",0.0
9176,"(20, 54, 5)",0.0
9177,"(0, 54, 6)",0.0
9178,"(1, 54, 6)",0.0
9179,"(2, 54, 6)",0.0
9180,"(3, 54, 6)",0.0
9181,"(4, 54, 6)",0.0
9182,"(5, 54, 6)",0.0
9183,"(6, 54, 6)",0.0
9184,"(7, 54, 6)",0.0
9185,"(8, 54, 6)",0.0
9186,"(9, 54, 6)",0.0
9187,"(10, 54, 6)",0.0
9188,"(11, 54, 6)",0.0
9189,"(12, 54, 6)",0.0
9190,"(13, 54, 6)",0.0
9191,"(14, 54, 6)",0.0
9192,"(15, 54, 6)",0.0
9193,"(16, 54, 6)",0.0
9194,"(17, 54, 6)",0.0
9195,"(18, 54, 6)",0.0
9196,"(19, 54, 6)",0.0
9197,"(20, 54, 6)",0.0
9198,"(0, 54, 7)",0.0
9199,"(1, 54, 7)",0.0
9200,"(2, 54, 7)",0.0
9201,"(3, 54, 7)",0.0
9202,"(4, 54, 7)",0.0
9203,"(5, 54, 7)",0.0
9204,"(6, 54, 7)",0.0
9205,"(7, 54, 7)",0.0
9206,"(8, 54, 7)",0.0
9207,"(9, 54, 7)",0.0
9208,"(10, 54, 7)",0.0
9209,"(11, 54, 7)",0.0
9210,"(12, 54, 7)",0.0
9211,"(13, 54, 7)",0.0
9212,"(14, 54, 7)",0.0
9213,"(15, 54, 7)",0.0
9214,"(16, 54, 7)",0.0
9215,"(17, 54, 7)",0.0
9216,"(18, 54, 7)",0.0
9217,"(19, 54, 7)",0.0
9218,"(20, 54, 7)",0.0
9219,"(0, 54, 8)",0.0
9220,"(1, 54, 8)",0.0
9221,"(2, 54, 8)",0.0
9222,"(3, 54, 8)",0.0
9223,"(4, 54, 8)",0.0
9224,"(5, 54, 8)",0.0
9225,"(6, 54, 8)",0.0
9226,"(7, 54, 8)",0.0
9227,"(8, 54, 8)",0.0
9228,"(9, 54, 8)",0.0
9229,"(10, 54, 8)",0.0
9230,"(11, 54, 8)",0.0
9231,"(12, 54, 8)",0.0
9232,"(13, 54, 8)",0.0
9233,"(14, 54, 8)",0.0
9234,"(15, 54, 8)",0.0
9235,"(16, 54, 8)",0.0
9236,"(17, 54, 8)",0.0
9237,"(18, 54, 8)",0.0
9238,"(19, 54, 8)",0.0
9239,"(20, 54, 8)",0.0
9240,"(0, 55, 1)",0.0
9241,"(1, 55, 1)",0.0
9242,"(2, 55, 1)",0.0
9243,"(3, 55, 1)",0.0
9244,"(4, 55, 1)",0.0
9245,"(5, 55, 1)",0.0
9246,"(6, 55, 1)",0.0
9247,"(7, 55, 1)",0.0
9248,"(8, 55, 1)",0.0
9249,"(9, 55, 1)",0.0
9250,"(10, 55, 1)",0.0
9251,"(11, 55, 1)",0.0
9252,"(12, 55, 1)",0.0
9253,"(13, 55, 1)",0.0
9254,"(14, 55, 1)",0.0
9255,"(15, 55, 1)",0.0
9256,"(16, 55, 1)",0.0
9257,"(17, 55, 1)",0.0
9258,"(18, 55, 1)",0.0
9259,"(19, 55, 1)",0.0
9260,"(20, 55, 1)",0.0
9261,"(0, 55, 2)",0.0
9262,"(1, 55, 2)",0.0
9263,"(2, 55, 2)",0.0
9264,"(3, 55, 2)",0.0
9265,"(4, 55, 2)",0.0
9266,"(5, 55, 2)",0.0
9267,"(6, 55, 2)",0.0
9268,"(7, 55, 2)",0.0
9269,"(8, 55, 2)",0.0
9270,"(9, 55, 2)",0.0
9271,"(10, 55, 2)",0.0
9272,"(11, 55, 2)",0.0
9273,"(12, 55, 2)",0.0
9274,"(13, 55, 2)",0.0
9275,"(14, 55, 2)",0.0
9276,"(15, 55, 2)",0.0
9277,"(16, 55, 2)",0.0
9278,"(17, 55, 2)",0.0
9279,"(18, 55, 2)",0.0
9280,"(19, 55, 2)",0.0
9281,"(20, 55, 2)",0.0
9282,"(0, 55, 3)",0.0
9283,"(1, 55, 3)",0.0
9284,"(2, 55, 3)",0.0
9285,"(3, 55, 3)",0.0
9286,"(4, 55, 3)",0.0
9287,"(5, 55, 3)",0.0
9288,"(6, 55, 3)",0.0
9289,"(7, 55, 3)",0.0
9290,"(8, 55, 3)",0.0
9291,"(9, 55, 3)",0.0
9292,"(10, 55, 3)",0.0
9293,"(11, 55, 3)",0.0
9294,"(12, 55, 3)",0.0
9295,"(13, 55, 3)",0.0
9296,"(14, 55, 3)",0.0
9297,"(15, 55, 3)",0.0
9298,"(16, 55, 3)",0.0
9299,"(17, 55, 3)",0.0
9300,"(18, 55, 3)",0.0
9301,"(19, 55, 3)",0.0
9302,"(20, 55, 3)",0.0
9303,"(0, 55, 4)",0.0
9304,"(1, 55, 4)",0.0
9305,"(2, 55, 4)",0.0
9306,"(3, 55, 4)",0.0
9307,"(4, 55, 4)",0.0
9308,"(5, 55, 4)",0.0
9309,"(6, 55, 4)",0.0
9310,"(7, 55, 4)",0.0
9311,"(8, 55, 4)",0.0
9312,"(9, 55, 4)",0.0
9313,"(10, 55, 4)",0.0
9314,"(11, 55, 4)",0.0
9315,"(12, 55, 4)",0.0
9316,"(13, 55, 4)",0.0
9317,"(14, 55, 4)",0.0
9318,"(15, 55, 4)",0.0
9319,"(16, 55, 4)",0.0
9320,"(17, 55, 4)",0.0
9321,"(18, 55, 4)",0.0
9322,"(19, 55, 4)",0.0
9323,"(20, 55, 4)",0.0
9324,"(0, 55, 5)",0.0
9325,"(1, 55, 5)",0.0
9326,"(2, 55, 5)",0.0
9327,"(3, 55, 5)",0.0
9328,"(4, 55, 5)",0.0
9329,"(5, 55, 5)",0.0
9330,"(6, 55, 5)",0.0
9331,"(7, 55, 5)",0.0
9332,"(8, 55, 5)",0.0
9333,"(9, 55, 5)",0.0
9334,"(10, 55, 5)",0.0
9335,"(11, 55, 5)",0.0
9336,"(12, 55, 5)",0.0
9337,"(13, 55, 5)",0.0
9338,"(14, 55, 5)",0.0
9339,"(15, 55, 5)",0.0
9340,"(16, 55, 5)",0.0
9341,"(17, 55, 5)",0.0
9342,"(18, 55, 5)",0.0
9343,"(19, 55, 5)",0.0
9344,"(20, 55, 5)",0.0
9345,"(0, 55, 6)",0.0
9346,"(1, 55, 6)",0.0
9347,"(2, 55, 6)",0.0
9348,"(3, 55, 6)",0.0
9349,"(4, 55, 6)",0.0
9350,"(5, 55, 6)",0.0
9351,"(6, 55, 6)",0.0
9352,"(7, 55, 6)",0.0
9353,"(8, 55, 6)",0.0
9354,"(9, 55, 6)",0.0
9355,"(10, 55, 6)",0.0
9356,"(11, 55, 6)",0.0
9357,"(12, 55, 6)",0.0
9358,"(13, 55, 6)",0.0
9359,"(14, 55, 6)",0.0
9360,"(15, 55, 6)",0.0
9361,"(16, 55, 6)",0.0
9362,"(17, 55, 6)",0.0
9363,"(18, 55, 6)",0.0
9364,"(19, 55, 6)",0.0
9365,"(20, 55, 6)",0.0
9366,"(0, 55, 7)",0.0
9367,"(1, 55, 7)",0.0
9368,"(2, 55, 7)",0.0
9369,"(3, 55, 7)",0.0
9370,"(4, 55, 7)",0.0
9371,"(5, 55, 7)",0.0
9372,"(6, 55, 7)",0.0
9373,"(7, 55, 7)",0.0
9374,"(8, 55, 7)",0.0
9375,"(9, 55, 7)",0.0
9376,"(10, 55, 7)",0.0
9377,"(11, 55, 7)",0.0
9378,"(12, 55, 7)",0.0
9379,"(13, 55, 7)",0.0
9380,"(14, 55, 7)",0.0
9381,"(15, 55, 7)",0.0
9382,"(16, 55, 7)",0.0
9383,"(17, 55, 7)",0.0
9384,"(18, 55, 7)",0.0
9385,"(19, 55, 7)",0.0
9386,"(20, 55, 7)",0.0
9387,"(0, 55, 8)",0.0
9388,"(1, 55, 8)",0.0
9389,"(2, 55, 8)",0.0
9390,"(3, 55, 8)",0.0
9391,"(4, 55, 8)",0.0
9392,"(5, 55, 8)",0.0
9393,"(6, 55, 8)",0.0
9394,"(7, 55, 8)",0.0
9395,"(8, 55, 8)",0.0
9396,"(9, 55, 8)",0.0
9397,"(10, 55, 8)",0.0
9398,"(11, 55, 8)",0.0
9399,"(12, 55, 8)",0.0
9400,"(13, 55, 8)",0.0
9401,"(14, 55, 8)",0.0
9402,"(15, 55, 8)",0.0
9403,"(16, 55, 8)",0.0
9404,"(17, 55, 8)",0.0
9405,"(18, 55, 8)",0.0
9406,"(19, 55, 8)",0.0
9407,"(20, 55, 8)",0.0
9408,"(0, 56, 1)",0.0
9409,"(1, 56, 1)",0.0
9410,"(2, 56, 1)",0.0
9411,"(3, 56, 1)",0.0
9412,"(4, 56, 1)",0.0
9413,"(5, 56, 1)",0.0
9414,"(6, 56, 1)",0.0
9415,"(7, 56, 1)",0.0
9416,"(8, 56, 1)",0.0
9417,"(9, 56, 1)",0.0
9418,"(10, 56, 1)",0.0
9419,"(11, 56, 1)",0.0
9420,"(12, 56, 1)",0.0
9421,"(13, 56, 1)",0.0
9422,"(14, 56, 1)",0.0
9423,"(15, 56, 1)",0.0
9424,"(16, 56, 1)",0.0
9425,"(17, 56, 1)",0.0
9426,"(18, 56, 1)",0.0
9427,"(19, 56, 1)",0.0
9428,"(20, 56, 1)",0.0
9429,"(0, 56, 2)",0.0
9430,"(1, 56, 2)",0.0
9431,"(2, 56, 2)",0.0
9432,"(3, 56, 2)",0.0
9433,"(4, 56, 2)",0.0
9434,"(5, 56, 2)",0.0
9435,"(6, 56, 2)",0.0
9436,"(7, 56, 2)",0.0
9437,"(8, 56, 2)",0.0
9438,"(9, 56, 2)",0.0
9439,"(10, 56, 2)",0.0
9440,"(11, 56, 2)",0.0
9441,"(12, 56, 2)",0.0
9442,"(13, 56, 2)",0.0
9443,"(14, 56, 2)",0.0
9444,"(15, 56, 2)",0.0
9445,"(16, 56, 2)",0.0
9446,"(17, 56, 2)",0.0
9447,"(18, 56, 2)",0.0
9448,"(19, 56, 2)",0.0
9449,"(20, 56, 2)",0.0
9450,"(0, 56, 3)",0.0
9451,"(1, 56, 3)",0.0
9452,"(2, 56, 3)",0.0
9453,"(3, 56, 3)",0.0
9454,"(4, 56, 3)",0.0
9455,"(5, 56, 3)",0.0
9456,"(6, 56, 3)",0.0
9457,"(7, 56, 3)",0.0
9458,"(8, 56, 3)",0.0
9459,"(9, 56, 3)",0.0
9460,"(10, 56, 3)",0.0
9461,"(11, 56, 3)",0.0
9462,"(12, 56, 3)",0.0
9463,"(13, 56, 3)",0.0
9464,"(14, 56, 3)",0.0
9465,"(15, 56, 3)",0.0
9466,"(16, 56, 3)",0.0
9467,"(17, 56, 3)",0.0
9468,"(18, 56, 3)",0.0
9469,"(19, 56, 3)",0.0
9470,"(20, 56, 3)",0.0
9471,"(0, 56, 4)",0.0
9472,"(1, 56, 4)",0.0
9473,"(2, 56, 4)",0.0
9474,"(3, 56, 4)",0.0
9475,"(4, 56, 4)",0.0
9476,"(5, 56, 4)",0.0
9477,"(6, 56, 4)",0.0
9478,"(7, 56, 4)",0.0
9479,"(8, 56, 4)",0.0
9480,"(9, 56, 4)",0.0
9481,"(10, 56, 4)",0.0
9482,"(11, 56, 4)",0.0
9483,"(12, 56, 4)",0.0
9484,"(13, 56, 4)",0.0
9485,"(14, 56, 4)",0.0
9486,"(15, 56, 4)",0.0
9487,"(16, 56, 4)",0.0
9488,"(17, 56, 4)",0.0
9489,"(18, 56, 4)",0.0
9490,"(19, 56, 4)",0.0
9491,"(20, 56, 4)",0.0
9492,"(0, 56, 5)",0.0
9493,"(1, 56, 5)",0.0
9494,"(2, 56, 5)",0.0
9495,"(3, 56, 5)",0.0
9496,"(4, 56, 5)",0.0
9497,"(5, 56, 5)",0.0
9498,"(6, 56, 5)",0.0
9499,"(7, 56, 5)",0.0
9500,"(8, 56, 5)",0.0
9501,"(9, 56, 5)",0.0
9502,"(10, 56, 5)",0.0
9503,"(11, 56, 5)",0.0
9504,"(12, 56, 5)",0.0
9505,"(13, 56, 5)",0.0
9506,"(14, 56, 5)",0.0
9507,"(15, 56, 5)",0.0
9508,"(16, 56, 5)",0.0
9509,"(17, 56, 5)",0.0
9510,"(18, 56, 5)",0.0
9511,"(19, 56, 5)",0.0
9512,"(20, 56, 5)",0.0
9513,"(0, 56, 6)",0.0
9514,"(1, 56, 6)",0.0
9515,"(2, 56, 6)",0.0
9516,"(3, 56, 6)",0.0
9517,"(4, 56, 6)",0.0
9518,"(5, 56, 6)",0.0
9519,"(6, 56, 6)",0.0
9520,"(7, 56, 6)",0.0
9521,"(8, 56, 6)",0.0
9522,"(9, 56, 6)",0.0
9523,"(10, 56, 6)",0.0
9524,"(11, 56, 6)",0.0
9525,"(12, 56, 6)",0.0
9526,"(13, 56, 6)",0.0
9527,"(14, 56, 6)",0.0
9528,"(15, 56, 6)",0.0
9529,"(16, 56, 6)",0.0
9530,"(17, 56, 6)",0.0
9531,"(18, 56, 6)",0.0
9532,"(19, 56, 6)",0.0
9533,"(20, 56, 6)",0.0
9534,"(0, 56, 7)",0.0
9535,"(1, 56, 7)",0.0
9536,"(2, 56, 7)",0.0
9537,"(3, 56, 7)",0.0
9538,"(4, 56, 7)",0.0
9539,"(5, 56, 7)",0.0
9540,"(6, 56, 7)",0.0
9541,"(7, 56, 7)",0.0
9542,"(8, 56, 7)",0.0
9543,"(9, 56, 7)",0.0
9544,"(10, 56, 7)",0.0
9545,"(11, 56, 7)",0.0
9546,"(12, 56, 7)",0.0
9547,"(13, 56, 7)",0.0
9548,"(14, 56, 7)",0.0
9549,"(15, 56, 7)",0.0
9550,"(16, 56, 7)",0.0
9551,"(17, 56, 7)",0.0
9552,"(18, 56, 7)",0.0
9553,"(19, 56, 7)",0.0
9554,"(20, 56, 7)",0.0
9555,"(0, 56, 8)",0.0
9556,"(1, 56, 8)",0.0
9557,"(2, 56, 8)",0.0
9558,"(3, 56, 8)",0.0
9559,"(4, 56, 8)",0.0
9560,"(5, 56, 8)",0.0
9561,"(6, 56, 8)",0.0
9562,"(7, 56, 8)",0.0
9563,"(8, 56, 8)",0.0
9564,"(9, 56, 8)",0.0
9565,"(10, 56, 8)",0.0
9566,"(11, 56, 8)",0.0
9567,"(12, 56, 8)",0.0
9568,"(13, 56, 8)",0.0
9569,"(14, 56, 8)",0.0
9570,"(15, 56, 8)",0.0
9571,"(16, 56, 8)",0.0
9572,"(17, 56, 8)",0.0
9573,"(18, 56, 8)",0.0
9574,"(19, 56, 8)",0.0
9575,"(20, 56, 8)",0.0
9576,"(0, 57, 1)",0.0
9577,"(1, 57, 1)",0.0
9578,"(2, 57, 1)",0.0
9579,"(3, 57, 1)",0.0
9580,"(4, 57, 1)",0.0
9581,"(5, 57, 1)",0.0
9582,"(6, 57, 1)",0.0
9583,"(7, 57, 1)",0.0
9584,"(8, 57, 1)",0.0
9585,"(9, 57, 1)",0.0
9586,"(10, 57, 1)",0.0
9587,"(11, 57, 1)",0.0
9588,"(12, 57, 1)",0.0
9589,"(13, 57, 1)",0.0
9590,"(14, 57, 1)",0.0
9591,"(15, 57, 1)",0.0
9592,"(16, 57, 1)",0.0
9593,"(17, 57, 1)",0.0
9594,"(18, 57, 1)",0.0
9595,"(19, 57, 1)",0.0
9596,"(20, 57, 1)",0.0
9597,"(0, 57, 2)",0.0
9598,"(1, 57, 2)",0.0
9599,"(2, 57, 2)",0.0
9600,"(3, 57, 2)",0.0
9601,"(4, 57, 2)",0.0
9602,"(5, 57, 2)",0.0
9603,"(6, 57, 2)",0.0
9604,"(7, 57, 2)",0.0
9605,"(8, 57, 2)",0.0
9606,"(9, 57, 2)",0.0
9607,"(10, 57, 2)",0.0
9608,"(11, 57, 2)",0.0
9609,"(12, 57, 2)",0.0
9610,"(13, 57, 2)",0.0
9611,"(14, 57, 2)",0.0
9612,"(15, 57, 2)",0.0
9613,"(16, 57, 2)",0.0
9614,"(17, 57, 2)",0.0
9615,"(18, 57, 2)",0.0
9616,"(19, 57, 2)",0.0
9617,"(20, 57, 2)",0.0
9618,"(0, 57, 3)",0.0
9619,"(1, 57, 3)",0.0
9620,"(2, 57, 3)",0.0
9621,"(3, 57, 3)",0.0
9622,"(4, 57, 3)",0.0
9623,"(5, 57, 3)",0.0
9624,"(6, 57, 3)",0.0
9625,"(7, 57, 3)",0.0
9626,"(8, 57, 3)",0.0
9627,"(9, 57, 3)",0.0
9628,"(10, 57, 3)",0.0
9629,"(11, 57, 3)",0.0
9630,"(12, 57, 3)",0.0
9631,"(13, 57, 3)",0.0
9632,"(14, 57, 3)",0.0
9633,"(15, 57, 3)",0.0
9634,"(16, 57, 3)",0.0
9635,"(17, 57, 3)",0.0
9636,"(18, 57, 3)",0.0
9637,"(19, 57, 3)",0.0
9638,"(20, 57, 3)",0.0
9639,"(0, 57, 4)",0.0
9640,"(1, 57, 4)",0.0
9641,"(2, 57, 4)",0.0
9642,"(3, 57, 4)",0.0
9643,"(4, 57, 4)",0.0
9644,"(5, 57, 4)",0.0
9645,"(6, 57, 4)",0.0
9646,"(7, 57, 4)",0.0
9647,"(8, 57, 4)",0.0
9648,"(9, 57, 4)",0.0
9649,"(10, 57, 4)",0.0
9650,"(11, 57, 4)",0.0
9651,"(12, 57, 4)",0.0
9652,"(13, 57, 4)",0.0
9653,"(14, 57, 4)",0.0
9654,"(15, 57, 4)",0.0
9655,"(16, 57, 4)",0.0
9656,"(17, 57, 4)",0.0
9657,"(18, 57, 4)",0.0
9658,"(19, 57, 4)",0.0
9659,"(20, 57, 4)",0.0
9660,"(0, 57, 5)",0.0
9661,"(1, 57, 5)",0.0
9662,"(2, 57, 5)",0.0
9663,"(3, 57, 5)",0.0
9664,"(4, 57, 5)",0.0
9665,"(5, 57, 5)",0.0
9666,"(6, 57, 5)",0.0
9667,"(7, 57, 5)",0.0
9668,"(8, 57, 5)",0.0
9669,"(9, 57, 5)",0.0
9670,"(10, 57, 5)",0.0
9671,"(11, 57, 5)",0.0
9672,"(12, 57, 5)",0.0
9673,"(13, 57, 5)",0.0
9674,"(14, 57, 5)",0.0
9675,"(15, 57, 5)",0.0
9676,"(16, 57, 5)",0.0
9677,"(17, 57, 5)",0.0
9678,"(18, 57, 5)",0.0
9679,"(19, 57, 5)",0.0
9680,"(20, 57, 5)",0.0
9681,"(0, 57, 6)",0.0
9682,"(1, 57, 6)",0.0
9683,"(2, 57, 6)",0.0
9684,"(3, 57, 6)",0.0
9685,"(4, 57, 6)",0.0
9686,"(5, 57, 6)",0.0
9687,"(6, 57, 6)",0.0
9688,"(7, 57, 6)",0.0
9689,"(8, 57, 6)",0.0
9690,"(9, 57, 6)",0.0
9691,"(10, 57, 6)",0.0
9692,"(11, 57, 6)",0.0
9693,"(12, 57, 6)",0.0
9694,"(13, 57, 6)",0.0
9695,"(14, 57, 6)",0.0
9696,"(15, 57, 6)",0.0
9697,"(16, 57, 6)",0.0
9698,"(17, 57, 6)",0.0
9699,"(18, 57, 6)",0.0
9700,"(19, 57, 6)",0.0
9701,"(20, 57, 6)",0.0
9702,"(0, 57, 7)",0.0
9703,"(1, 57, 7)",0.0
9704,"(2, 57, 7)",0.0
9705,"(3, 57, 7)",0.0
9706,"(4, 57, 7)",0.0
9707,"(5, 57, 7)",0.0
9708,"(6, 57, 7)",0.0
9709,"(7, 57, 7)",0.0
9710,"(8, 57, 7)",0.0
9711,"(9, 57, 7)",0.0
9712,"(10, 57, 7)",0.0
9713,"(11, 57, 7)",0.0
9714,"(12, 57, 7)",0.0
9715,"(13, 57, 7)",0.0
9716,"(14, 57, 7)",0.0
9717,"(15, 57, 7)",0.0
9718,"(16, 57, 7)",0.0
9719,"(17, 57, 7)",0.0
9720,"(18, 57, 7)",0.0
9721,"(19, 57, 7)",0.0
9722,"(20, 57, 7)",0.0
9723,"(0, 57, 8)",0.0
9724,"(1, 57, 8)",0.0
9725,"(2, 57, 8)",0.0
9726,"(3, 57, 8)",0.0
9727,"(4, 57, 8)",0.0
9728,"(5, 57, 8)",0.0
9729,"(6, 57, 8)",0.0
9730,"(7, 57, 8)",0.0
9731,"(8, 57, 8)",0.0
9732,"(9, 57, 8)",0.0
9733,"(10, 57, 8)",0.0
9734,"(11, 57, 8)",0.0
9735,"(12, 57, 8)",0.0
9736,"(13, 57, 8)",0.0
9737,"(14, 57, 8)",0.0
9738,"(15, 57, 8)",0.0
9739,"(16, 57, 8)",0.0
9740,"(17, 57, 8)",0.0
9741,"(18, 57, 8)",0.0
9742,"(19, 57, 8)",0.0
9743,"(20, 57, 8)",0.0
9744,"(0, 58, 1)",0.0
9745,"(1, 58, 1)",0.0
9746,"(2, 58, 1)",0.0
9747,"(3, 58, 1)",0.0
9748,"(4, 58, 1)",0.0
9749,"(5, 58, 1)",0.0
9750,"(6, 58, 1)",0.0
9751,"(7, 58, 1)",0.0
9752,"(8, 58, 1)",0.0
9753,"(9, 58, 1)",0.0
9754,"(10, 58, 1)",0.0
9755,"(11, 58, 1)",0.0
9756,"(12, 58, 1)",0.0
9757,"(13, 58, 1)",0.0
9758,"(14, 58, 1)",0.0
9759,"(15, 58, 1)",0.0
9760,"(16, 58, 1)",0.0
9761,"(17, 58, 1)",0.0
9762,"(18, 58, 1)",0.0
9763,"(19, 58, 1)",0.0
9764,"(20, 58, 1)",0.0
9765,"(0, 58, 2)",0.0
9766,"(1, 58, 2)",0.0
9767,"(2, 58, 2)",0.0
9768,"(3, 58, 2)",0.0
9769,"(4, 58, 2)",0.0
9770,"(5, 58, 2)",0.0
9771,"(6, 58, 2)",0.0
9772,"(7, 58, 2)",0.0
9773,"(8, 58, 2)",0.0
9774,"(9, 58, 2)",0.0
9775,"(10, 58, 2)",0.0
9776,"(11, 58, 2)",0.0
9777,"(12, 58, 2)",0.0
9778,"(13, 58, 2)",0.0
9779,"(14, 58, 2)",0.0
9780,"(15, 58, 2)",0.0
9781,"(16, 58, 2)",0.0
9782,"(17, 58, 2)",0.0
9783,"(18, 58, 2)",0.0
9784,"(19, 58, 2)",0.0
9785,"(20, 58, 2)",0.0
9786,"(0, 58, 3)",0.0
9787,"(1, 58, 3)",0.0
9788,"(2, 58, 3)",0.0
9789,"(3, 58, 3)",0.0
9790,"(4, 58, 3)",0.0
9791,"(5, 58, 3)",0.0
9792,"(6, 58, 3)",0.0
9793,"(7, 58, 3)",0.0
9794,"(8, 58, 3)",0.0
9795,"(9, 58, 3)",0.0
9796,"(10, 58, 3)",0.0
9797,"(11, 58, 3)",0.0
9798,"(12, 58, 3)",0.0
9799,"(13, 58, 3)",0.0
9800,"(14, 58, 3)",0.0
9801,"(15, 58, 3)",0.0
9802,"(16, 58, 3)",0.0
9803,"(17, 58, 3)",0.0
9804,"(18, 58, 3)",0.0
9805,"(19, 58, 3)",0.0
9806,"(20, 58, 3)",0.0
9807,"(0, 58, 4)",0.0
9808,"(1, 58, 4)",0.0
9809,"(2, 58, 4)",0.0
9810,"(3, 58, 4)",0.0
9811,"(4, 58, 4)",0.0
9812,"(5, 58, 4)",0.0
9813,"(6, 58, 4)",0.0
9814,"(7, 58, 4)",0.0
9815,"(8, 58, 4)",0.0
9816,"(9, 58, 4)",0.0
9817,"(10, 58, 4)",0.0
9818,"(11, 58, 4)",0.0
9819,"(12, 58, 4)",0.0
9820,"(13, 58, 4)",0.0
9821,"(14, 58, 4)",0.0
9822,"(15, 58, 4)",0.0
9823,"(16, 58, 4)",0.0
9824,"(17, 58, 4)",0.0
9825,"(18, 58, 4)",0.0
9826,"(19, 58, 4)",0.0
9827,"(20, 58, 4)",0.0
9828,"(0, 58, 5)",0.0
9829,"(1, 58, 5)",0.0
9830,"(2, 58, 5)",0.0
9831,"(3, 58, 5)",0.0
9832,"(4, 58, 5)",0.0
9833,"(5, 58, 5)",0.0
9834,"(6, 58, 5)",0.0
9835,"(7, 58, 5)",0.0
9836,"(8, 58, 5)",0.0
9837,"(9, 58, 5)",0.0
9838,"(10, 58, 5)",0.0
9839,"(11, 58, 5)",0.0
9840,"(12, 58, 5)",0.0
9841,"(13, 58, 5)",0.0
9842,"(14, 58, 5)",0.0
9843,"(15, 58, 5)",0.0
9844,"(16, 58, 5)",0.0
9845,"(17, 58, 5)",0.0
9846,"(18, 58, 5)",0.0
9847,"(19, 58, 5)",0.0
9848,"(20, 58, 5)",0.0
9849,"(0, 58, 6)",0.0
9850,"(1, 58, 6)",0.0
9851,"(2, 58, 6)",0.0
9852,"(3, 58, 6)",0.0
9853,"(4, 58, 6)",0.0
9854,"(5, 58, 6)",0.0
9855,"(6, 58, 6)",0.0
9856,"(7, 58, 6)",0.0
9857,"(8, 58, 6)",0.0
9858,"(9, 58, 6)",0.0
9859,"(10, 58, 6)",0.0
9860,"(11, 58, 6)",0.0
9861,"(12, 58, 6)",0.0
9862,"(13, 58, 6)",0.0
9863,"(14, 58, 6)",0.0
9864,"(15, 58, 6)",0.0
9865,"(16, 58, 6)",0.0
9866,"(17, 58, 6)",0.0
9867,"(18, 58, 6)",0.0
9868,"(19, 58, 6)",0.0
9869,"(20, 58, 6)",0.0
9870,"(0, 58, 7)",0.0
9871,"(1, 58, 7)",0.0
9872,"(2, 58, 7)",0.0
9873,"(3, 58, 7)",0.0
9874,"(4, 58, 7)",0.0
9875,"(5, 58, 7)",0.0
9876,"(6, 58, 7)",0.0
9877,"(7, 58, 7)",0.0
9878,"(8, 58, 7)",0.0
9879,"(9, 58, 7)",0.0
9880,"(10, 58, 7)",0.0
9881,"(11, 58, 7)",0.0
9882,"(12, 58, 7)",0.0
9883,"(13, 58, 7)",0.0
9884,"(14, 58, 7)",0.0
9885,"(15, 58, 7)",0.0
9886,"(16, 58, 7)",0.0
9887,"(17, 58, 7)",0.0
9888,"(18, 58, 7)",0.0
9889,"(19, 58, 7)",0.0
9890,"(20, 58, 7)",0.0
9891,"(0, 58, 8)",0.0
9892,"(1, 58, 8)",0.0
9893,"(2, 58, 8)",0.0
9894,"(3, 58, 8)",0.0
9895,"(4, 58, 8)",0.0
9896,"(5, 58, 8)",0.0
9897,"(6, 58, 8)",0.0
9898,"(7, 58, 8)",0.0
9899,"(8, 58, 8)",0.0
9900,"(9, 58, 8)",0.0
9901,"(10, 58, 8)",0.0
9902,"(11, 58, 8)",0.0
9903,"(12, 58, 8)",0.0
9904,"(13, 58, 8)",0.0
9905,"(14, 58, 8)",0.0
9906,"(15, 58, 8)",0.0
9907,"(16, 58, 8)",0.0
9908,"(17, 58, 8)",0.0
9909,"(18, 58, 8)",0.0
9910,"(19, 58, 8)",0.0
9911,"(20, 58, 8)",0.0
9912,"(0, 59, 1)",0.0
9913,"(1, 59, 1)",0.0
9914,"(2, 59, 1)",0.0
9915,"(3, 59, 1)",0.0
9916,"(4, 59, 1)",0.0
9917,"(5, 59, 1)",0.0
9918,"(6, 59, 1)",0.0
9919,"(7, 59, 1)",0.0
9920,"(8, 59, 1)",0.0
9921,"(9, 59, 1)",0.0
9922,"(10, 59, 1)",0.0
9923,"(11, 59, 1)",0.0
9924,"(12, 59, 1)",0.0
9925,"(13, 59, 1)",0.0
9926,"(14, 59, 1)",0.0
9927,"(15, 59, 1)",0.0
9928,"(16, 59, 1)",0.0
9929,"(17, 59, 1)",0.0
9930,"(18, 59, 1)",0.0
9931,"(19, 59, 1)",0.0
9932,"(20, 59, 1)",0.0
9933,"(0, 59, 2)",0.0
9934,"(1, 59, 2)",0.0
9935,"(2, 59, 2)",0.0
9936,"(3, 59, 2)",0.0
9937,"(4, 59, 2)",0.0
9938,"(5, 59, 2)",0.0
9939,"(6, 59, 2)",0.0
9940,"(7, 59, 2)",0.0
9941,"(8, 59, 2)",0.0
9942,"(9, 59, 2)",0.0
9943,"(10, 59, 2)",0.0
9944,"(11, 59, 2)",0.0
9945,"(12, 59, 2)",0.0
9946,"(13, 59, 2)",0.0
9947,"(14, 59, 2)",0.0
9948,"(15, 59, 2)",0.0
9949,"(16, 59, 2)",0.0
9950,"(17, 59, 2)",0.0
9951,"(18, 59, 2)",0.0
9952,"(19, 59, 2)",0.0
9953,"(20, 59, 2)",0.0
9954,"(0, 59, 3)",0.0
9955,"(1, 59, 3)",0.0
9956,"(2, 59, 3)",0.0
9957,"(3, 59, 3)",0.0
9958,"(4, 59, 3)",0.0
9959,"(5, 59, 3)",0.0
9960,"(6, 59, 3)",0.0
9961,"(7, 59, 3)",0.0
9962,"(8, 59, 3)",0.0
9963,"(9, 59, 3)",0.0
9964,"(10, 59, 3)",0.0
9965,"(11, 59, 3)",0.0
9966,"(12, 59, 3)",0.0
9967,"(13, 59, 3)",0.0
9968,"(14, 59, 3)",0.0
9969,"(15, 59, 3)",0.0
9970,"(16, 59, 3)",0.0
9971,"(17, 59, 3)",0.0
9972,"(18, 59, 3)",0.0
9973,"(19, 59, 3)",0.0
9974,"(20, 59, 3)",0.0
9975,"(0, 59, 4)",0.0
9976,"(1, 59, 4)",0.0
9977,"(2, 59, 4)",0.0
9978,"(3, 59, 4)",0.0
9979,"(4, 59, 4)",0.0
9980,"(5, 59, 4)",0.0
9981,"(6, 59, 4)",0.0
9982,"(7, 59, 4)",0.0
9983,"(8, 59, 4)",0.0
9984,"(9, 59, 4)",0.0
9985,"(10, 59, 4)",0.0
9986,"(11, 59, 4)",0.0
9987,"(12, 59, 4)",0.0
9988,"(13, 59, 4)",0.0
9989,"(14, 59, 4)",0.0
9990,"(15, 59, 4)",0.0
9991,"(16, 59, 4)",0.0
9992,"(17, 59, 4)",0.0
9993,"(18, 59, 4)",0.0
9994,"(19, 59, 4)",0.0
9995,"(20, 59, 4)",0.0
9996,"(0, 59, 5)",0.0
9997,"(1, 59, 5)",0.0
9998,"(2, 59, 5)",0.0
9999,"(3, 59, 5)",0.0
10000,"(4, 59, 5)",0.0
10001,"(5, 59, 5)",0.0
10002,"(6, 59, 5)",0.0
10003,"(7, 59, 5)",0.0
10004,"(8, 59, 5)",0.0
10005,"(9, 59, 5)",0.0
10006,"(10, 59, 5)",0.0
10007,"(11, 59, 5)",0.0
10008,"(12, 59, 5)",0.0
10009,"(13, 59, 5)",0.0
10010,"(14, 59, 5)",0.0
10011,"(15, 59, 5)",0.0
10012,"(16, 59, 5)",0.0
10013,"(17, 59, 5)",0.0
10014,"(18, 59, 5)",0.0
10015,"(19, 59, 5)",0.0
10016,"(20, 59, 5)",0.0
10017,"(0, 59, 6)",0.0
10018,"(1, 59, 6)",0.0
10019,"(2, 59, 6)",0.0
10020,"(3, 59, 6)",0.0
10021,"(4, 59, 6)",0.0
10022,"(5, 59, 6)",0.0
10023,"(6, 59, 6)",0.0
10024,"(7, 59, 6)",0.0
10025,"(8, 59, 6)",0.0
10026,"(9, 59, 6)",0.0
10027,"(10, 59, 6)",0.0
10028,"(11, 59, 6)",0.0
10029,"(12, 59, 6)",0.0
10030,"(13, 59, 6)",0.0
10031,"(14, 59, 6)",0.0
10032,"(15, 59, 6)",0.0
10033,"(16, 59, 6)",0.0
10034,"(17, 59, 6)",0.0
10035,"(18, 59, 6)",0.0
10036,"(19, 59, 6)",0.0
10037,"(20, 59, 6)",0.0
10038,"(0, 59, 7)",0.0
10039,"(1, 59, 7)",0.0
10040,"(2, 59, 7)",0.0
10041,"(3, 59, 7)",0.0
10042,"(4, 59, 7)",0.0
10043,"(5, 59, 7)",0.0
10044,"(6, 59, 7)",0.0
10045,"(7, 59, 7)",0.0
10046,"(8, 59, 7)",0.0
10047,"(9, 59, 7)",0.0
10048,"(10, 59, 7)",0.0
10049,"(11, 59, 7)",0.0
10050,"(12, 59, 7)",0.0
10051,"(13, 59, 7)",0.0
10052,"(14, 59, 7)",0.0
10053,"(15, 59, 7)",0.0
10054,"(16, 59, 7)",0.0
10055,"(17, 59, 7)",0.0
10056,"(18, 59, 7)",0.0
10057,"(19, 59, 7)",0.0
10058,"(20, 59, 7)",0.0
10059,"(0, 59, 8)",0.0
10060,"(1, 59, 8)",0.0
10061,"(2, 59, 8)",0.0
10062,"(3, 59, 8)",0.0
10063,"(4, 59, 8)",0.0
10064,"(5, 59, 8)",0.0
10065,"(6, 59, 8)",0.0
10066,"(7, 59, 8)",0.0
10067,"(8, 59, 8)",0.0
10068,"(9, 59, 8)",0.0
10069,"(10, 59, 8)",0.0
10070,"(11, 59, 8)",0.0
10071,"(12, 59, 8)",0.0
10072,"(13, 59, 8)",0.0
10073,"(14, 59, 8)",0.0
10074,"(15, 59, 8)",0.0
10075,"(16, 59, 8)",0.0
10076,"(17, 59, 8)",0.0
10077,"(18, 59, 8)",0.0
10078,"(19, 59, 8)",0.0
10079,"(20, 59, 8)",0.0
10080,"(0, 60, 1)",0.0
10081,"(1, 60, 1)",0.0
10082,"(2, 60, 1)",0.0
10083,"(3, 60, 1)",0.0
10084,"(4, 60, 1)",0.0
10085,"(5, 60, 1)",0.0
10086,"(6, 60, 1)",0.0
10087,"(7, 60, 1)",0.0
10088,"(8, 60, 1)",0.0
10089,"(9, 60, 1)",0.0
10090,"(10, 60, 1)",0.0
10091,"(11, 60, 1)",0.0
10092,"(12, 60, 1)",0.0
10093,"(13, 60, 1)",0.0
10094,"(14, 60, 1)",0.0
10095,"(15, 60, 1)",0.0
10096,"(16, 60, 1)",0.0
10097,"(17, 60, 1)",0.0
10098,"(18, 60, 1)",0.0
10099,"(19, 60, 1)",0.0
10100,"(20, 60, 1)",0.0
10101,"(0, 60, 2)",0.0
10102,"(1, 60, 2)",0.0
10103,"(2, 60, 2)",0.0
10104,"(3, 60, 2)",0.0
10105,"(4, 60, 2)",0.0
10106,"(5, 60, 2)",0.0
10107,"(6, 60, 2)",0.0
10108,"(7, 60, 2)",0.0
10109,"(8, 60, 2)",0.0
10110,"(9, 60, 2)",0.0
10111,"(10, 60, 2)",0.0
10112,"(11, 60, 2)",0.0
10113,"(12, 60, 2)",0.0
10114,"(13, 60, 2)",0.0
10115,"(14, 60, 2)",0.0
10116,"(15, 60, 2)",0.0
10117,"(16, 60, 2)",0.0
10118,"(17, 60, 2)",0.0
10119,"(18, 60, 2)",0.0
10120,"(19, 60, 2)",0.0
10121,"(20, 60, 2)",0.0
10122,"(0, 60, 3)",0.0
10123,"(1, 60, 3)",0.0
10124,"(2, 60, 3)",0.0
10125,"(3, 60, 3)",0.0
10126,"(4, 60, 3)",0.0
10127,"(5, 60, 3)",0.0
10128,"(6, 60, 3)",0.0
10129,"(7, 60, 3)",0.0
10130,"(8, 60, 3)",0.0
10131,"(9, 60, 3)",0.0
10132,"(10, 60, 3)",0.0
10133,"(11, 60, 3)",0.0
10134,"(12, 60, 3)",0.0
10135,"(13, 60, 3)",0.0
10136,"(14, 60, 3)",0.0
10137,"(15, 60, 3)",0.0
10138,"(16, 60, 3)",0.0
10139,"(17, 60, 3)",0.0
10140,"(18, 60, 3)",0.0
10141,"(19, 60, 3)",0.0
10142,"(20, 60, 3)",0.0
10143,"(0, 60, 4)",0.0
10144,"(1, 60, 4)",0.0
10145,"(2, 60, 4)",0.0
10146,"(3, 60, 4)",0.0
10147,"(4, 60, 4)",0.0
10148,"(5, 60, 4)",0.0
10149,"(6, 60, 4)",0.0
10150,"(7, 60, 4)",0.0
10151,"(8, 60, 4)",0.0
10152,"(9, 60, 4)",0.0
10153,"(10, 60, 4)",0.0
10154,"(11, 60, 4)",0.0
10155,"(12, 60, 4)",0.0
10156,"(13, 60, 4)",0.0
10157,"(14, 60, 4)",0.0
10158,"(15, 60, 4)",0.0
10159,"(16, 60, 4)",0.0
10160,"(17, 60, 4)",0.0
10161,"(18, 60, 4)",0.0
10162,"(19, 60, 4)",0.0
10163,"(20, 60, 4)",0.0
10164,"(0, 60, 5)",0.0
10165,"(1, 60, 5)",0.0
10166,"(2, 60, 5)",0.0
10167,"(3, 60, 5)",0.0
10168,"(4, 60, 5)",0.0
10169,"(5, 60, 5)",0.0
10170,"(6, 60, 5)",0.0
10171,"(7, 60, 5)",0.0
10172,"(8, 60, 5)",0.0
10173,"(9, 60, 5)",0.0
10174,"(10, 60, 5)",0.0
10175,"(11, 60, 5)",0.0
10176,"(12, 60, 5)",0.0
10177,"(13, 60, 5)",0.0
10178,"(14, 60, 5)",0.0
10179,"(15, 60, 5)",0.0
10180,"(16, 60, 5)",0.0
10181,"(17, 60, 5)",0.0
10182,"(18, 60, 5)",0.0
10183,"(19, 60, 5)",0.0
10184,"(20, 60, 5)",0.0
10185,"(0, 60, 6)",0.0
10186,"(1, 60, 6)",0.0
10187,"(2, 60, 6)",0.0
10188,"(3, 60, 6)",0.0
10189,"(4, 60, 6)",0.0
10190,"(5, 60, 6)",0.0
10191,"(6, 60, 6)",0.0
10192,"(7, 60, 6)",0.0
10193,"(8, 60, 6)",0.0
10194,"(9, 60, 6)",0.0
10195,"(10, 60, 6)",0.0
10196,"(11, 60, 6)",0.0
10197,"(12, 60, 6)",0.0
10198,"(13, 60, 6)",0.0
10199,"(14, 60, 6)",0.0
10200,"(15, 60, 6)",0.0
10201,"(16, 60, 6)",0.0
10202,"(17, 60, 6)",0.0
10203,"(18, 60, 6)",0.0
10204,"(19, 60, 6)",0.0
10205,"(20, 60, 6)",0.0
10206,"(0, 60, 7)",0.0
10207,"(1, 60, 7)",0.0
10208,"(2, 60, 7)",0.0
10209,"(3, 60, 7)",0.0
10210,"(4, 60, 7)",0.0
10211,"(5, 60, 7)",0.0
10212,"(6, 60, 7)",0.0
10213,"(7, 60, 7)",0.0
10214,"(8, 60, 7)",0.0
10215,"(9, 60, 7)",0.0
10216,"(10, 60, 7)",0.0
10217,"(11, 60, 7)",0.0
10218,"(12, 60, 7)",0.0
10219,"(13, 60, 7)",0.0
10220,"(14, 60, 7)",0.0
10221,"(15, 60, 7)",0.0
10222,"(16, 60, 7)",0.0
10223,"(17, 60, 7)",0.0
10224,"(18, 60, 7)",0.0
10225,"(19, 60, 7)",0.0
10226,"(20, 60, 7)",0.0
10227,"(0, 60, 8)",0.0
10228,"(1, 60, 8)",0.0
10229,"(2, 60, 8)",0.0
10230,"(3, 60, 8)",0.0
10231,"(4, 60, 8)",0.0
10232,"(5, 60, 8)",0.0
10233,"(6, 60, 8)",0.0
10234,"(7, 60, 8)",0.0
10235,"(8, 60, 8)",0.0
10236,"(9, 60, 8)",0.0
10237,"(10, 60, 8)",0.0
10238,"(11, 60, 8)",0.0
10239,"(12, 60, 8)",0.0
10240,"(13, 60, 8)",0.0
10241,"(14, 60, 8)",0.0
10242,"(15, 60, 8)",0.0
10243,"(16, 60, 8)",0.0
10244,"(17, 60, 8)",0.0
10245,"(18, 60, 8)",0.0
10246,"(19, 60, 8)",0.0
10247,"(20, 60, 8)",0.0
10248,"(0, 61, 1)",0.0
10249,"(1, 61, 1)",0.0
10250,"(2, 61, 1)",0.0
10251,"(3, 61, 1)",0.0
10252,"(4, 61, 1)",0.0
10253,"(5, 61, 1)",0.0
10254,"(6, 61, 1)",0.0
10255,"(7, 61, 1)",0.0
10256,"(8, 61, 1)",0.0
10257,"(9, 61, 1)",0.0
10258,"(10, 61, 1)",0.0
10259,"(11, 61, 1)",0.0
10260,"(12, 61, 1)",0.0
10261,"(13, 61, 1)",0.0
10262,"(14, 61, 1)",0.0
10263,"(15, 61, 1)",0.0
10264,"(16, 61, 1)",0.0
10265,"(17, 61, 1)",0.0
10266,"(18, 61, 1)",0.0
10267,"(19, 61, 1)",0.0
10268,"(20, 61, 1)",0.0
10269,"(0, 61, 2)",0.0
10270,"(1, 61, 2)",0.0
10271,"(2, 61, 2)",0.0
10272,"(3, 61, 2)",0.0
10273,"(4, 61, 2)",0.0
10274,"(5, 61, 2)",0.0
10275,"(6, 61, 2)",0.0
10276,"(7, 61, 2)",0.0
10277,"(8, 61, 2)",0.0
10278,"(9, 61, 2)",0.0
10279,"(10, 61, 2)",0.0
10280,"(11, 61, 2)",0.0
10281,"(12, 61, 2)",0.0
10282,"(13, 61, 2)",0.0
10283,"(14, 61, 2)",0.0
10284,"(15, 61, 2)",0.0
10285,"(16, 61, 2)",0.0
10286,"(17, 61, 2)",0.0
10287,"(18, 61, 2)",0.0
10288,"(19, 61, 2)",0.0
10289,"(20, 61, 2)",0.0
10290,"(0, 61, 3)",0.0
10291,"(1, 61, 3)",0.0
10292,"(2, 61, 3)",0.0
10293,"(3, 61, 3)",0.0
10294,"(4, 61, 3)",1.3322676295501878e-15
10295,"(5, 61, 3)",0.0
10296,"(6, 61, 3)",0.0
10297,"(7, 61, 3)",0.0
10298,"(8, 61, 3)",0.0
10299,"(9, 61, 3)",0.0
10300,"(10, 61, 3)",0.0
10301,"(11, 61, 3)",0.0
10302,"(12, 61, 3)",0.0
10303,"(13, 61, 3)",0.0
10304,"(14, 61, 3)",0.0
10305,"(15, 61, 3)",0.0
10306,"(16, 61, 3)",0.0
10307,"(17, 61, 3)",0.0
10308,"(18, 61, 3)",0.0
10309,"(19, 61, 3)",0.0
10310,"(20, 61, 3)",0.0
10311,"(0, 61, 4)",0.0
10312,"(1, 61, 4)",0.0
10313,"(2, 61, 4)",0.0
10314,"(3, 61, 4)",0.0
10315,"(4, 61, 4)",0.0
10316,"(5, 61, 4)",0.0
10317,"(6, 61, 4)",0.0
10318,"(7, 61, 4)",0.0
10319,"(8, 61, 4)",0.0
10320,"(9, 61, 4)",0.0
10321,"(10, 61, 4)",0.0
10322,"(11, 61, 4)",0.0
10323,"(12, 61, 4)",0.0
10324,"(13, 61, 4)",0.0
10325,"(14, 61, 4)",0.0
10326,"(15, 61, 4)",0.0
10327,"(16, 61, 4)",0.0
10328,"(17, 61, 4)",0.0
10329,"(18, 61, 4)",0.0
10330,"(19, 61, 4)",0.0
10331,"(20, 61, 4)",0.0
10332,"(0, 61, 5)",0.0
10333,"(1, 61, 5)",0.0
10334,"(2, 61, 5)",0.0
10335,"(3, 61, 5)",0.0
10336,"(4, 61, 5)",0.0
10337,"(5, 61, 5)",0.0
10338,"(6, 61, 5)",0.0
10339,"(7, 61, 5)",0.0
10340,"(8, 61, 5)",0.0
10341,"(9, 61, 5)",0.0
10342,"(10, 61, 5)",0.0
10343,"(11, 61, 5)",0.0
10344,"(12, 61, 5)",0.0
10345,"(13, 61, 5)",0.0
10346,"(14, 61, 5)",0.0
10347,"(15, 61, 5)",0.0
10348,"(16, 61, 5)",0.0
10349,"(17, 61, 5)",0.0
10350,"(18, 61, 5)",0.0
10351,"(19, 61, 5)",0.0
10352,"(20, 61, 5)",0.0
10353,"(0, 61, 6)",0.0
10354,"(1, 61, 6)",0.0
10355,"(2, 61, 6)",0.0
10356,"(3, 61, 6)",0.0
10357,"(4, 61, 6)",0.0
10358,"(5, 61, 6)",0.0
10359,"(6, 61, 6)",0.0
10360,"(7, 61, 6)",0.0
10361,"(8, 61, 6)",0.0
10362,"(9, 61, 6)",0.0
10363,"(10, 61, 6)",0.0
10364,"(11, 61, 6)",0.0
10365,"(12, 61, 6)",0.0
10366,"(13, 61, 6)",0.0
10367,"(14, 61, 6)",0.0
10368,"(15, 61, 6)",0.0
10369,"(16, 61, 6)",0.0
10370,"(17, 61, 6)",0.0
10371,"(18, 61, 6)",0.0
10372,"(19, 61, 6)",0.0
10373,"(20, 61, 6)",0.0
10374,"(0, 61, 7)",0.0
10375,"(1, 61, 7)",0.0
10376,"(2, 61, 7)",0.0
10377,"(3, 61, 7)",0.0
10378,"(4, 61, 7)",0.0
10379,"(5, 61, 7)",0.0
10380,"(6, 61, 7)",0.0
10381,"(7, 61, 7)",0.0
10382,"(8, 61, 7)",0.0
10383,"(9, 61, 7)",0.0
10384,"(10, 61, 7)",0.0
10385,"(11, 61, 7)",0.0
10386,"(12, 61, 7)",0.0
10387,"(13, 61, 7)",0.0
10388,"(14, 61, 7)",0.0
10389,"(15, 61, 7)",0.0
10390,"(16, 61, 7)",0.0
10391,"(17, 61, 7)",0.0
10392,"(18, 61, 7)",0.0
10393,"(19, 61, 7)",0.0
10394,"(20, 61, 7)",0.0
10395,"(0, 61, 8)",0.0
10396,"(1, 61, 8)",0.0
10397,"(2, 61, 8)",0.0
10398,"(3, 61, 8)",0.0
10399,"(4, 61, 8)",0.0
10400,"(5, 61, 8)",0.0
10401,"(6, 61, 8)",0.0
10402,"(7, 61, 8)",0.0
10403,"(8, 61, 8)",0.0
10404,"(9, 61, 8)",0.0
10405,"(10, 61, 8)",0.0
10406,"(11, 61, 8)",0.0
10407,"(12, 61, 8)",0.0
10408,"(13, 61, 8)",0.0
10409,"(14, 61, 8)",0.0
10410,"(15, 61, 8)",0.0
10411,"(16, 61, 8)",0.0
10412,"(17, 61, 8)",0.0
10413,"(18, 61, 8)",0.0
10414,"(19, 61, 8)",0.0
10415,"(20, 61, 8)",0.0
10416,"(0, 62, 1)",0.0
10417,"(1, 62, 1)",0.0
10418,"(2, 62, 1)",0.0
10419,"(3, 62, 1)",0.0
10420,"(4, 62, 1)",0.0
10421,"(5, 62, 1)",0.0
10422,"(6, 62, 1)",0.0
10423,"(7, 62, 1)",0.0
10424,"(8, 62, 1)",0.0
10425,"(9, 62, 1)",0.0
10426,"(10, 62, 1)",0.0
10427,"(11, 62, 1)",0.0
10428,"(12, 62, 1)",0.0
10429,"(13, 62, 1)",0.0
10430,"(14, 62, 1)",0.0
10431,"(15, 62, 1)",0.0
10432,"(16, 62, 1)",0.0
10433,"(17, 62, 1)",0.0
10434,"(18, 62, 1)",0.0
10435,"(19, 62, 1)",0.0
10436,"(20, 62, 1)",0.0
10437,"(0, 62, 2)",0.0
10438,"(1, 62, 2)",0.0
10439,"(2, 62, 2)",0.0
10440,"(3, 62, 2)",0.0
10441,"(4, 62, 2)",0.0
10442,"(5, 62, 2)",0.0
10443,"(6, 62, 2)",0.0
10444,"(7, 62, 2)",0.0
10445,"(8, 62, 2)",0.0
10446,"(9, 62, 2)",0.0
10447,"(10, 62, 2)",0.0
10448,"(11, 62, 2)",0.0
10449,"(12, 62, 2)",0.0
10450,"(13, 62, 2)",0.0
10451,"(14, 62, 2)",0.0
10452,"(15, 62, 2)",0.0
10453,"(16, 62, 2)",0.0
10454,"(17, 62, 2)",0.0
10455,"(18, 62, 2)",0.0
10456,"(19, 62, 2)",0.0
10457,"(20, 62, 2)",0.0
10458,"(0, 62, 3)",0.0
10459,"(1, 62, 3)",0.0
10460,"(2, 62, 3)",0.0
10461,"(3, 62, 3)",0.0
10462,"(4, 62, 3)",0.0
10463,"(5, 62, 3)",0.0
10464,"(6, 62, 3)",0.0
10465,"(7, 62, 3)",0.0
10466,"(8, 62, 3)",0.0
10467,"(9, 62, 3)",0.0
10468,"(10, 62, 3)",0.0
10469,"(11, 62, 3)",0.0
10470,"(12, 62, 3)",0.0
10471,"(13, 62, 3)",0.0
10472,"(14, 62, 3)",0.0
10473,"(15, 62, 3)",0.0
10474,"(16, 62, 3)",0.0
10475,"(17, 62, 3)",0.0
10476,"(18, 62, 3)",0.0
10477,"(19, 62, 3)",0.0
10478,"(20, 62, 3)",0.0
10479,"(0, 62, 4)",0.0
10480,"(1, 62, 4)",0.0
10481,"(2, 62, 4)",0.0
10482,"(3, 62, 4)",0.0
10483,"(4, 62, 4)",1.3322676295501878e-15
10484,"(5, 62, 4)",0.0
10485,"(6, 62, 4)",0.0
10486,"(7, 62, 4)",0.0
10487,"(8, 62, 4)",0.0
10488,"(9, 62, 4)",0.0
10489,"(10, 62, 4)",0.0
10490,"(11, 62, 4)",0.0
10491,"(12, 62, 4)",0.0
10492,"(13, 62, 4)",0.0
10493,"(14, 62, 4)",0.0
10494,"(15, 62, 4)",0.0
10495,"(16, 62, 4)",0.0
10496,"(17, 62, 4)",0.0
10497,"(18, 62, 4)",0.0
10498,"(19, 62, 4)",0.0
10499,"(20, 62, 4)",0.0
10500,"(0, 62, 5)",0.0
10501,"(1, 62, 5)",0.0
10502,"(2, 62, 5)",0.0
10503,"(3, 62, 5)",0.0
10504,"(4, 62, 5)",0.0
10505,"(5, 62, 5)",0.0
10506,"(6, 62, 5)",0.0
10507,"(7, 62, 5)",0.0
10508,"(8, 62, 5)",0.0
10509,"(9, 62, 5)",0.0
10510,"(10, 62, 5)",0.0
10511,"(11, 62, 5)",0.0
10512,"(12, 62, 5)",0.0
10513,"(13, 62, 5)",0.0
10514,"(14, 62, 5)",0.0
10515,"(15, 62, 5)",0.0
10516,"(16, 62, 5)",0.0
10517,"(17, 62, 5)",0.0
10518,"(18, 62, 5)",0.0
10519,"(19, 62, 5)",0.0
10520,"(20, 62, 5)",0.0
10521,"(0, 62, 6)",0.0
10522,"(1, 62, 6)",0.0
10523,"(2, 62, 6)",0.0
10524,"(3, 62, 6)",0.0
10525,"(4, 62, 6)",0.0
10526,"(5, 62, 6)",0.0
10527,"(6, 62, 6)",0.0
10528,"(7, 62, 6)",0.0
10529,"(8, 62, 6)",0.0
10530,"(9, 62, 6)",0.0
10531,"(10, 62, 6)",0.0
10532,"(11, 62, 6)",0.0
10533,"(12, 62, 6)",0.0
10534,"(13, 62, 6)",0.0
10535,"(14, 62, 6)",0.0
10536,"(15, 62, 6)",0.0
10537,"(16, 62, 6)",0.0
10538,"(17, 62, 6)",0.0
10539,"(18, 62, 6)",0.0
10540,"(19, 62, 6)",0.0
10541,"(20, 62, 6)",0.0
10542,"(0, 62, 7)",0.0
10543,"(1, 62, 7)",0.0
10544,"(2, 62, 7)",0.0
10545,"(3, 62, 7)",0.0
10546,"(4, 62, 7)",0.0
10547,"(5, 62, 7)",0.0
10548,"(6, 62, 7)",0.0
10549,"(7, 62, 7)",0.0
10550,"(8, 62, 7)",0.0
10551,"(9, 62, 7)",0.0
10552,"(10, 62, 7)",0.0
10553,"(11, 62, 7)",0.0
10554,"(12, 62, 7)",0.0
10555,"(13, 62, 7)",0.0
10556,"(14, 62, 7)",0.0
10557,"(15, 62, 7)",0.0
10558,"(16, 62, 7)",0.0
10559,"(17, 62, 7)",0.0
10560,"(18, 62, 7)",0.0
10561,"(19, 62, 7)",0.0
10562,"(20, 62, 7)",0.0
10563,"(0, 62, 8)",0.0
10564,"(1, 62, 8)",0.0
10565,"(2, 62, 8)",0.0
10566,"(3, 62, 8)",0.0
10567,"(4, 62, 8)",0.0
10568,"(5, 62, 8)",0.0
10569,"(6, 62, 8)",0.0
10570,"(7, 62, 8)",0.0
10571,"(8, 62, 8)",0.0
10572,"(9, 62, 8)",0.0
10573,"(10, 62, 8)",0.0
10574,"(11, 62, 8)",0.0
10575,"(12, 62, 8)",0.0
10576,"(13, 62, 8)",0.0
10577,"(14, 62, 8)",0.0
10578,"(15, 62, 8)",0.0
10579,"(16, 62, 8)",0.0
10580,"(17, 62, 8)",0.0
10581,"(18, 62, 8)",0.0
10582,"(19, 62, 8)",0.0
10583,"(20, 62, 8)",0.0
10584,"(0, 63, 1)",0.0
10585,"(1, 63, 1)",0.0
10586,"(2, 63, 1)",0.0
10587,"(3, 63, 1)",0.0
10588,"(4, 63, 1)",0.0
10589,"(5, 63, 1)",0.0
10590,"(6, 63, 1)",0.0
10591,"(7, 63, 1)",0.0
10592,"(8, 63, 1)",0.0
10593,"(9, 63, 1)",0.0
10594,"(10, 63, 1)",0.0
10595,"(11, 63, 1)",0.0
10596,"(12, 63, 1)",0.0
10597,"(13, 63, 1)",0.0
10598,"(14, 63, 1)",0.0
10599,"(15, 63, 1)",0.0
10600,"(16, 63, 1)",0.0
10601,"(17, 63, 1)",0.0
10602,"(18, 63, 1)",0.0
10603,"(19, 63, 1)",0.0
10604,"(20, 63, 1)",0.0
10605,"(0, 63, 2)",0.0
10606,"(1, 63, 2)",0.0
10607,"(2, 63, 2)",0.0
10608,"(3, 63, 2)",0.0
10609,"(4, 63, 2)",0.0
10610,"(5, 63, 2)",0.0
10611,"(6, 63, 2)",0.0
10612,"(7, 63, 2)",0.0
10613,"(8, 63, 2)",0.0
10614,"(9, 63, 2)",0.0
10615,"(10, 63, 2)",0.0
10616,"(11, 63, 2)",0.0
10617,"(12, 63, 2)",0.0
10618,"(13, 63, 2)",0.0
10619,"(14, 63, 2)",0.0
10620,"(15, 63, 2)",0.0
10621,"(16, 63, 2)",0.0
10622,"(17, 63, 2)",0.0
10623,"(18, 63, 2)",0.0
10624,"(19, 63, 2)",0.0
10625,"(20, 63, 2)",0.0
10626,"(0, 63, 3)",0.0
10627,"(1, 63, 3)",0.0
10628,"(2, 63, 3)",0.0
10629,"(3, 63, 3)",0.0
10630,"(4, 63, 3)",1.3322676295501878e-15
10631,"(5, 63, 3)",0.0
10632,"(6, 63, 3)",0.0
10633,"(7, 63, 3)",0.0
10634,"(8, 63, 3)",0.0
10635,"(9, 63, 3)",0.0
10636,"(10, 63, 3)",0.0
10637,"(11, 63, 3)",0.0
10638,"(12, 63, 3)",0.0
10639,"(13, 63, 3)",0.0
10640,"(14, 63, 3)",0.0
10641,"(15, 63, 3)",0.0
10642,"(16, 63, 3)",0.0
10643,"(17, 63, 3)",0.0
10644,"(18, 63, 3)",0.0
10645,"(19, 63, 3)",0.0
10646,"(20, 63, 3)",0.0
10647,"(0, 63, 4)",0.0
10648,"(1, 63, 4)",0.0
10649,"(2, 63, 4)",0.0
10650,"(3, 63, 4)",0.0
10651,"(4, 63, 4)",0.0
10652,"(5, 63, 4)",0.0
10653,"(6, 63, 4)",0.0
10654,"(7, 63, 4)",0.0
10655,"(8, 63, 4)",0.0
10656,"(9, 63, 4)",0.0
10657,"(10, 63, 4)",0.0
10658,"(11, 63, 4)",0.0
10659,"(12, 63, 4)",0.0
10660,"(13, 63, 4)",0.0
10661,"(14, 63, 4)",0.0
10662,"(15, 63, 4)",0.0
10663,"(16, 63, 4)",0.0
10664,"(17, 63, 4)",0.0
10665,"(18, 63, 4)",0.0
10666,"(19, 63, 4)",0.0
10667,"(20, 63, 4)",0.0
10668,"(0, 63, 5)",0.0
10669,"(1, 63, 5)",0.0
10670,"(2, 63, 5)",0.0
10671,"(3, 63, 5)",0.0
10672,"(4, 63, 5)",0.0
10673,"(5, 63, 5)",0.0
10674,"(6, 63, 5)",0.0
10675,"(7, 63, 5)",0.0
10676,"(8, 63, 5)",0.0
10677,"(9, 63, 5)",0.0
10678,"(10, 63, 5)",0.0
10679,"(11, 63, 5)",0.0
10680,"(12, 63, 5)",0.0
10681,"(13, 63, 5)",0.0
10682,"(14, 63, 5)",0.0
10683,"(15, 63, 5)",0.0
10684,"(16, 63, 5)",0.0
10685,"(17, 63, 5)",0.0
10686,"(18, 63, 5)",0.0
10687,"(19, 63, 5)",0.0
10688,"(20, 63, 5)",0.0
10689,"(0, 63, 6)",0.0
10690,"(1, 63, 6)",0.0
10691,"(2, 63, 6)",0.0
10692,"(3, 63, 6)",0.0
10693,"(4, 63, 6)",0.0
10694,"(5, 63, 6)",0.0
10695,"(6, 63, 6)",0.0
10696,"(7, 63, 6)",0.0
10697,"(8, 63, 6)",0.0
10698,"(9, 63, 6)",0.0
10699,"(10, 63, 6)",0.0
10700,"(11, 63, 6)",0.0
10701,"(12, 63, 6)",0.0
10702,"(13, 63, 6)",0.0
10703,"(14, 63, 6)",0.0
10704,"(15, 63, 6)",0.0
10705,"(16, 63, 6)",0.0
10706,"(17, 63, 6)",0.0
10707,"(18, 63, 6)",0.0
10708,"(19, 63, 6)",0.0
10709,"(20, 63, 6)",0.0
10710,"(0, 63, 7)",0.0
10711,"(1, 63, 7)",0.0
10712,"(2, 63, 7)",0.0
10713,"(3, 63, 7)",0.0
10714,"(4, 63, 7)",0.0
10715,"(5, 63, 7)",0.0
10716,"(6, 63, 7)",0.0
10717,"(7, 63, 7)",0.0
10718,"(8, 63, 7)",0.0
10719,"(9, 63, 7)",0.0
10720,"(10, 63, 7)",0.0
10721,"(11, 63, 7)",0.0
10722,"(12, 63, 7)",0.0
10723,"(13, 63, 7)",0.0
10724,"(14, 63, 7)",0.0
10725,"(15, 63, 7)",0.0
10726,"(16, 63, 7)",0.0
10727,"(17, 63, 7)",0.0
10728,"(18, 63, 7)",0.0
10729,"(19, 63, 7)",0.0
10730,"(20, 63, 7)",0.0
10731,"(0, 63, 8)",0.0
10732,"(1, 63, 8)",0.0
10733,"(2, 63, 8)",0.0
10734,"(3, 63, 8)",0.0
10735,"(4, 63, 8)",0.0
10736,"(5, 63, 8)",0.0
10737,"(6, 63, 8)",0.0
10738,"(7, 63, 8)",0.0
10739,"(8, 63, 8)",0.0
10740,"(9, 63, 8)",0.0
10741,"(10, 63, 8)",0.0
10742,"(11, 63, 8)",0.0
10743,"(12, 63, 8)",0.0
10744,"(13, 63, 8)",0.0
10745,"(14, 63, 8)",0.0
10746,"(15, 63, 8)",0.0
10747,"(16, 63, 8)",0.0
10748,"(17, 63, 8)",0.0
10749,"(18, 63, 8)",0.0
10750,"(19, 63, 8)",0.0
10751,"(20, 63, 8)",0.0
10752,"(0, 64, 1)",0.0
10753,"(1, 64, 1)",0.0
10754,"(2, 64, 1)",0.0
10755,"(3, 64, 1)",0.0
10756,"(4, 64, 1)",0.0
10757,"(5, 64, 1)",0.0
10758,"(6, 64, 1)",0.0
10759,"(7, 64, 1)",0.0
10760,"(8, 64, 1)",0.0
10761,"(9, 64, 1)",0.0
10762,"(10, 64, 1)",0.0
10763,"(11, 64, 1)",0.0
10764,"(12, 64, 1)",0.0
10765,"(13, 64, 1)",0.0
10766,"(14, 64, 1)",0.0
10767,"(15, 64, 1)",0.0
10768,"(16, 64, 1)",0.0
10769,"(17, 64, 1)",0.0
10770,"(18, 64, 1)",0.0
10771,"(19, 64, 1)",0.0
10772,"(20, 64, 1)",0.0
10773,"(0, 64, 2)",0.0
10774,"(1, 64, 2)",0.0
10775,"(2, 64, 2)",0.0
10776,"(3, 64, 2)",0.0
10777,"(4, 64, 2)",0.0
10778,"(5, 64, 2)",0.0
10779,"(6, 64, 2)",0.0
10780,"(7, 64, 2)",0.0
10781,"(8, 64, 2)",0.0
10782,"(9, 64, 2)",0.0
10783,"(10, 64, 2)",0.0
10784,"(11, 64, 2)",0.0
10785,"(12, 64, 2)",0.0
10786,"(13, 64, 2)",0.0
10787,"(14, 64, 2)",0.0
10788,"(15, 64, 2)",0.0
10789,"(16, 64, 2)",0.0
10790,"(17, 64, 2)",0.0
10791,"(18, 64, 2)",0.0
10792,"(19, 64, 2)",0.0
10793,"(20, 64, 2)",0.0
10794,"(0, 64, 3)",0.0
10795,"(1, 64, 3)",0.0
10796,"(2, 64, 3)",0.0
10797,"(3, 64, 3)",0.0
10798,"(4, 64, 3)",0.0
10799,"(5, 64, 3)",0.0
10800,"(6, 64, 3)",0.0
10801,"(7, 64, 3)",0.0
10802,"(8, 64, 3)",0.0
10803,"(9, 64, 3)",0.0
10804,"(10, 64, 3)",0.0
10805,"(11, 64, 3)",0.0
10806,"(12, 64, 3)",0.0
10807,"(13, 64, 3)",0.0
10808,"(14, 64, 3)",0.0
10809,"(15, 64, 3)",0.0
10810,"(16, 64, 3)",0.0
10811,"(17, 64, 3)",0.0
10812,"(18, 64, 3)",0.0
10813,"(19, 64, 3)",0.0
10814,"(20, 64, 3)",0.0
10815,"(0, 64, 4)",0.0
10816,"(1, 64, 4)",0.0
10817,"(2, 64, 4)",0.0
10818,"(3, 64, 4)",0.0
10819,"(4, 64, 4)",0.0
10820,"(5, 64, 4)",0.0
10821,"(6, 64, 4)",0.0
10822,"(7, 64, 4)",0.0
10823,"(8, 64, 4)",0.0
10824,"(9, 64, 4)",0.0
10825,"(10, 64, 4)",0.0
10826,"(11, 64, 4)",0.0
10827,"(12, 64, 4)",0.0
10828,"(13, 64, 4)",0.0
10829,"(14, 64, 4)",0.0
10830,"(15, 64, 4)",0.0
10831,"(16, 64, 4)",0.0
10832,"(17, 64, 4)",0.0
10833,"(18, 64, 4)",0.0
10834,"(19, 64, 4)",0.0
10835,"(20, 64, 4)",0.0
10836,"(0, 64, 5)",0.0
10837,"(1, 64, 5)",0.0
10838,"(2, 64, 5)",0.0
10839,"(3, 64, 5)",0.0
10840,"(4, 64, 5)",0.0
10841,"(5, 64, 5)",0.0
10842,"(6, 64, 5)",0.0
10843,"(7, 64, 5)",0.0
10844,"(8, 64, 5)",0.0
10845,"(9, 64, 5)",0.0
10846,"(10, 64, 5)",0.0
10847,"(11, 64, 5)",0.0
10848,"(12, 64, 5)",0.0
10849,"(13, 64, 5)",0.0
10850,"(14, 64, 5)",0.0
10851,"(15, 64, 5)",0.0
10852,"(16, 64, 5)",0.0
10853,"(17, 64, 5)",0.0
10854,"(18, 64, 5)",0.0
10855,"(19, 64, 5)",0.0
10856,"(20, 64, 5)",0.0
10857,"(0, 64, 6)",0.0
10858,"(1, 64, 6)",0.0
10859,"(2, 64, 6)",0.0
10860,"(3, 64, 6)",0.0
10861,"(4, 64, 6)",0.0
10862,"(5, 64, 6)",0.0
10863,"(6, 64, 6)",0.0
10864,"(7, 64, 6)",0.0
10865,"(8, 64, 6)",0.0
10866,"(9, 64, 6)",0.0
10867,"(10, 64, 6)",0.0
10868,"(11, 64, 6)",0.0
10869,"(12, 64, 6)",0.0
10870,"(13, 64, 6)",0.0
10871,"(14, 64, 6)",0.0
10872,"(15, 64, 6)",0.0
10873,"(16, 64, 6)",0.0
10874,"(17, 64, 6)",0.0
10875,"(18, 64, 6)",0.0
10876,"(19, 64, 6)",0.0
10877,"(20, 64, 6)",0.0
10878,"(0, 64, 7)",0.0
10879,"(1, 64, 7)",0.0
10880,"(2, 64, 7)",0.0
10881,"(3, 64, 7)",0.0
10882,"(4, 64, 7)",0.0
10883,"(5, 64, 7)",0.0
10884,"(6, 64, 7)",0.0
10885,"(7, 64, 7)",0.0
10886,"(8, 64, 7)",0.0
10887,"(9, 64, 7)",0.0
10888,"(10, 64, 7)",0.0
10889,"(11, 64, 7)",0.0
10890,"(12, 64, 7)",0.0
10891,"(13, 64, 7)",0.0
10892,"(14, 64, 7)",0.0
10893,"(15, 64, 7)",0.0
10894,"(16, 64, 7)",0.0
10895,"(17, 64, 7)",0.0
10896,"(18, 64, 7)",0.0
10897,"(19, 64, 7)",0.0
10898,"(20, 64, 7)",0.0
10899,"(0, 64, 8)",0.0
10900,"(1, 64, 8)",0.0
10901,"(2, 64, 8)",0.0
10902,"(3, 64, 8)",0.0
10903,"(4, 64, 8)",0.0
10904,"(5, 64, 8)",0.0
10905,"(6, 64, 8)",0.0
10906,"(7, 64, 8)",0.0
10907,"(8, 64, 8)",0.0
10908,"(9, 64, 8)",0.0
10909,"(10, 64, 8)",0.0
10910,"(11, 64, 8)",0.0
10911,"(12, 64, 8)",0.0
10912,"(13, 64, 8)",0.0
10913,"(14, 64, 8)",0.0
10914,"(15, 64, 8)",0.0
10915,"(16, 64, 8)",0.0
10916,"(17, 64, 8)",0.0
10917,"(18, 64, 8)",0.0
10918,"(19, 64, 8)",0.0
10919,"(20, 64, 8)",0.0
10920,"(0, 65, 1)",0.0
10921,"(1, 65, 1)",0.0
10922,"(2, 65, 1)",0.0
10923,"(3, 65, 1)",0.0
10924,"(4, 65, 1)",0.0
10925,"(5, 65, 1)",0.0
10926,"(6, 65, 1)",0.0
10927,"(7, 65, 1)",0.0
10928,"(8, 65, 1)",0.0
10929,"(9, 65, 1)",0.0
10930,"(10, 65, 1)",0.0
10931,"(11, 65, 1)",0.0
10932,"(12, 65, 1)",0.0
10933,"(13, 65, 1)",0.0
10934,"(14, 65, 1)",0.0
10935,"(15, 65, 1)",0.0
10936,"(16, 65, 1)",0.0
10937,"(17, 65, 1)",0.0
10938,"(18, 65, 1)",0.0
10939,"(19, 65, 1)",0.0
10940,"(20, 65, 1)",0.0
10941,"(0, 65, 2)",0.0
10942,"(1, 65, 2)",0.0
10943,"(2, 65, 2)",0.0
10944,"(3, 65, 2)",0.0
10945,"(4, 65, 2)",0.0
10946,"(5, 65, 2)",0.0
10947,"(6, 65, 2)",0.0
10948,"(7, 65, 2)",0.0
10949,"(8, 65, 2)",0.0
10950,"(9, 65, 2)",0.0
10951,"(10, 65, 2)",0.0
10952,"(11, 65, 2)",0.0
10953,"(12, 65, 2)",0.0
10954,"(13, 65, 2)",0.0
10955,"(14, 65, 2)",0.0
10956,"(15, 65, 2)",0.0
10957,"(16, 65, 2)",47.0
10958,"(17, 65, 2)",47.0
10959,"(18, 65, 2)",0.0
10960,"(19, 65, 2)",0.0
10961,"(20, 65, 2)",0.0
10962,"(0, 65, 3)",0.0
10963,"(1, 65, 3)",0.0
10964,"(2, 65, 3)",0.0
10965,"(3, 65, 3)",0.0
10966,"(4, 65, 3)",0.0
10967,"(5, 65, 3)",0.0
10968,"(6, 65, 3)",0.0
10969,"(7, 65, 3)",0.0
10970,"(8, 65, 3)",0.0
10971,"(9, 65, 3)",0.0
10972,"(10, 65, 3)",0.0
10973,"(11, 65, 3)",0.0
10974,"(12, 65, 3)",0.0
10975,"(13, 65, 3)",0.0
10976,"(14, 65, 3)",0.0
10977,"(15, 65, 3)",4.0
10978,"(16, 65, 3)",47.0
10979,"(17, 65, 3)",0.0
10980,"(18, 65, 3)",0.0
10981,"(19, 65, 3)",0.0
10982,"(20, 65, 3)",0.0
10983,"(0, 65, 4)",0.0
10984,"(1, 65, 4)",0.0
10985,"(2, 65, 4)",0.0
10986,"(3, 65, 4)",0.0
10987,"(4, 65, 4)",0.0
10988,"(5, 65, 4)",0.0
10989,"(6, 65, 4)",0.0
10990,"(7, 65, 4)",0.0
10991,"(8, 65, 4)",0.0
10992,"(9, 65, 4)",0.0
10993,"(10, 65, 4)",0.0
10994,"(11, 65, 4)",0.0
10995,"(12, 65, 4)",0.0
10996,"(13, 65, 4)",0.0
10997,"(14, 65, 4)",2.0
10998,"(15, 65, 4)",4.0
10999,"(16, 65, 4)",0.0
11000,"(17, 65, 4)",47.0
11001,"(18, 65, 4)",0.0
11002,"(19, 65, 4)",0.0
11003,"(20, 65, 4)",0.0
11004,"(0, 65, 5)",0.0
11005,"(1, 65, 5)",0.0
11006,"(2, 65, 5)",0.0
11007,"(3, 65, 5)",0.0
11008,"(4, 65, 5)",0.0
11009,"(5, 65, 5)",0.0
11010,"(6, 65, 5)",0.0
11011,"(7, 65, 5)",0.0
11012,"(8, 65, 5)",0.0
11013,"(9, 65, 5)",0.0
11014,"(10, 65, 5)",0.0
11015,"(11, 65, 5)",0.0
11016,"(12, 65, 5)",4.0
11017,"(13, 65, 5)",0.0
11018,"(14, 65, 5)",2.0
11019,"(15, 65, 5)",0.0
11020,"(16, 65, 5)",0.0
11021,"(17, 65, 5)",0.0
11022,"(18, 65, 5)",0.0
11023,"(19, 65, 5)",0.0
11024,"(20, 65, 5)",0.0
11025,"(0, 65, 6)",0.0
11026,"(1, 65, 6)",0.0
11027,"(2, 65, 6)",0.0
11028,"(3, 65, 6)",0.0
11029,"(4, 65, 6)",0.0
11030,"(5, 65, 6)",0.0
11031,"(6, 65, 6)",0.0
11032,"(7, 65, 6)",0.0
11033,"(8, 65, 6)",0.0
11034,"(9, 65, 6)",0.0
11035,"(10, 65, 6)",0.0
11036,"(11, 65, 6)",0.0
11037,"(12, 65, 6)",4.0
11038,"(13, 65, 6)",0.0
11039,"(14, 65, 6)",0.0
11040,"(15, 65, 6)",4.0
11041,"(16, 65, 6)",0.0
11042,"(17, 65, 6)",0.0
11043,"(18, 65, 6)",0.0
11044,"(19, 65, 6)",0.0
11045,"(20, 65, 6)",0.0
11046,"(0, 65, 7)",0.0
11047,"(1, 65, 7)",0.0
11048,"(2, 65, 7)",0.0
11049,"(3, 65, 7)",0.0
11050,"(4, 65, 7)",0.0
11051,"(5, 65, 7)",0.0
11052,"(6, 65, 7)",0.0
11053,"(7, 65, 7)",0.0
11054,"(8, 65, 7)",0.0
11055,"(9, 65, 7)",0.0
11056,"(10, 65, 7)",0.0
11057,"(11, 65, 7)",0.0
11058,"(12, 65, 7)",0.0
11059,"(13, 65, 7)",0.0
11060,"(14, 65, 7)",0.0
11061,"(15, 65, 7)",0.0
11062,"(16, 65, 7)",0.0
11063,"(17, 65, 7)",0.0
11064,"(18, 65, 7)",0.0
11065,"(19, 65, 7)",0.0
11066,"(20, 65, 7)",0.0
11067,"(0, 65, 8)",0.0
11068,"(1, 65, 8)",0.0
11069,"(2, 65, 8)",0.0
11070,"(3, 65, 8)",0.0
11071,"(4, 65, 8)",0.0
11072,"(5, 65, 8)",0.0
11073,"(6, 65, 8)",0.0
11074,"(7, 65, 8)",0.0
11075,"(8, 65, 8)",0.0
11076,"(9, 65, 8)",0.0
11077,"(10, 65, 8)",0.0
11078,"(11, 65, 8)",0.0
11079,"(12, 65, 8)",0.0
11080,"(13, 65, 8)",0.0
11081,"(14, 65, 8)",0.0
11082,"(15, 65, 8)",0.0
11083,"(16, 65, 8)",0.0
11084,"(17, 65, 8)",0.0
11085,"(18, 65, 8)",0.0
11086,"(19, 65, 8)",0.0
11087,"(20, 65, 8)",0.0
11088,"(0, 66, 1)",0.0
11089,"(1, 66, 1)",0.0
11090,"(2, 66, 1)",0.0
11091,"(3, 66, 1)",0.0
11092,"(4, 66, 1)",0.0
11093,"(5, 66, 1)",0.0
11094,"(6, 66, 1)",0.0
11095,"(7, 66, 1)",0.0
11096,"(8, 66, 1)",0.0
11097,"(9, 66, 1)",0.0
11098,"(10, 66, 1)",0.0
11099,"(11, 66, 1)",0.0
11100,"(12, 66, 1)",0.0
11101,"(13, 66, 1)",0.0
11102,"(14, 66, 1)",0.0
11103,"(15, 66, 1)",0.0
11104,"(16, 66, 1)",0.0
11105,"(17, 66, 1)",0.0
11106,"(18, 66, 1)",0.0
11107,"(19, 66, 1)",0.0
11108,"(20, 66, 1)",0.0
11109,"(0, 66, 2)",0.0
11110,"(1, 66, 2)",0.0
11111,"(2, 66, 2)",0.0
11112,"(3, 66, 2)",0.0
11113,"(4, 66, 2)",0.0
11114,"(5, 66, 2)",0.0
11115,"(6, 66, 2)",0.0
11116,"(7, 66, 2)",0.0
11117,"(8, 66, 2)",0.0
11118,"(9, 66, 2)",0.0
11119,"(10, 66, 2)",0.0
11120,"(11, 66, 2)",0.0
11121,"(12, 66, 2)",0.0
11122,"(13, 66, 2)",0.0
11123,"(14, 66, 2)",0.0
11124,"(15, 66, 2)",0.0
11125,"(16, 66, 2)",0.0
11126,"(17, 66, 2)",0.0
11127,"(18, 66, 2)",0.0
11128,"(19, 66, 2)",0.0
11129,"(20, 66, 2)",0.0
11130,"(0, 66, 3)",0.0
11131,"(1, 66, 3)",0.0
11132,"(2, 66, 3)",0.0
11133,"(3, 66, 3)",0.0
11134,"(4, 66, 3)",0.0
11135,"(5, 66, 3)",0.0
11136,"(6, 66, 3)",0.0
11137,"(7, 66, 3)",0.0
11138,"(8, 66, 3)",0.0
11139,"(9, 66, 3)",0.0
11140,"(10, 66, 3)",0.0
11141,"(11, 66, 3)",0.0
11142,"(12, 66, 3)",0.0
11143,"(13, 66, 3)",0.0
11144,"(14, 66, 3)",0.0
11145,"(15, 66, 3)",0.0
11146,"(16, 66, 3)",0.0
11147,"(17, 66, 3)",0.0
11148,"(18, 66, 3)",0.0
11149,"(19, 66, 3)",0.0
11150,"(20, 66, 3)",0.0
11151,"(0, 66, 4)",0.0
11152,"(1, 66, 4)",0.0
11153,"(2, 66, 4)",0.0
11154,"(3, 66, 4)",0.0
11155,"(4, 66, 4)",0.0
11156,"(5, 66, 4)",0.0
11157,"(6, 66, 4)",0.0
11158,"(7, 66, 4)",0.0
11159,"(8, 66, 4)",0.0
11160,"(9, 66, 4)",0.0
11161,"(10, 66, 4)",0.0
11162,"(11, 66, 4)",0.0
11163,"(12, 66, 4)",0.0
11164,"(13, 66, 4)",0.0
11165,"(14, 66, 4)",0.0
11166,"(15, 66, 4)",0.0
11167,"(16, 66, 4)",0.0
11168,"(17, 66, 4)",0.0
11169,"(18, 66, 4)",0.0
11170,"(19, 66, 4)",0.0
11171,"(20, 66, 4)",0.0
11172,"(0, 66, 5)",0.0
11173,"(1, 66, 5)",0.0
11174,"(2, 66, 5)",0.0
11175,"(3, 66, 5)",0.0
11176,"(4, 66, 5)",0.0
11177,"(5, 66, 5)",0.0
11178,"(6, 66, 5)",0.0
11179,"(7, 66, 5)",0.0
11180,"(8, 66, 5)",0.0
11181,"(9, 66, 5)",0.0
11182,"(10, 66, 5)",0.0
11183,"(11, 66, 5)",0.0
11184,"(12, 66, 5)",0.0
11185,"(13, 66, 5)",0.0
11186,"(14, 66, 5)",0.0
11187,"(15, 66, 5)",0.0
11188,"(16, 66, 5)",0.0
11189,"(17, 66, 5)",0.0
11190,"(18, 66, 5)",0.0
11191,"(19, 66, 5)",0.0
11192,"(20, 66, 5)",0.0
11193,"(0, 66, 6)",0.0
11194,"(1, 66, 6)",0.0
11195,"(2, 66, 6)",0.0
11196,"(3, 66, 6)",0.0
11197,"(4, 66, 6)",0.0
11198,"(5, 66, 6)",0.0
11199,"(6, 66, 6)",0.0
11200,"(7, 66, 6)",0.0
11201,"(8, 66, 6)",0.0
11202,"(9, 66, 6)",0.0
11203,"(10, 66, 6)",0.0
11204,"(11, 66, 6)",0.0
11205,"(12, 66, 6)",0.0
11206,"(13, 66, 6)",0.0
11207,"(14, 66, 6)",0.0
11208,"(15, 66, 6)",0.0
11209,"(16, 66, 6)",0.0
11210,"(17, 66, 6)",0.0
11211,"(18, 66, 6)",0.0
11212,"(19, 66, 6)",0.0
11213,"(20, 66, 6)",0.0
11214,"(0, 66, 7)",0.0
11215,"(1, 66, 7)",0.0
11216,"(2, 66, 7)",0.0
11217,"(3, 66, 7)",0.0
11218,"(4, 66, 7)",0.0
11219,"(5, 66, 7)",0.0
11220,"(6, 66, 7)",0.0
11221,"(7, 66, 7)",0.0
11222,"(8, 66, 7)",0.0
11223,"(9, 66, 7)",0.0
11224,"(10, 66, 7)",0.0
11225,"(11, 66, 7)",0.0
11226,"(12, 66, 7)",0.0
11227,"(13, 66, 7)",0.0
11228,"(14, 66, 7)",0.0
11229,"(15, 66, 7)",0.0
11230,"(16, 66, 7)",0.0
11231,"(17, 66, 7)",0.0
11232,"(18, 66, 7)",0.0
11233,"(19, 66, 7)",0.0
11234,"(20, 66, 7)",0.0
11235,"(0, 66, 8)",0.0
11236,"(1, 66, 8)",0.0
11237,"(2, 66, 8)",0.0
11238,"(3, 66, 8)",0.0
11239,"(4, 66, 8)",0.0
11240,"(5, 66, 8)",0.0
11241,"(6, 66, 8)",0.0
11242,"(7, 66, 8)",0.0
11243,"(8, 66, 8)",0.0
11244,"(9, 66, 8)",0.0
11245,"(10, 66, 8)",0.0
11246,"(11, 66, 8)",0.0
11247,"(12, 66, 8)",0.0
11248,"(13, 66, 8)",0.0
11249,"(14, 66, 8)",0.0
11250,"(15, 66, 8)",0.0
11251,"(16, 66, 8)",0.0
11252,"(17, 66, 8)",0.0
11253,"(18, 66, 8)",0.0
11254,"(19, 66, 8)",0.0
11255,"(20, 66, 8)",0.0
11256,"(0, 67, 1)",0.0
11257,"(1, 67, 1)",0.0
11258,"(2, 67, 1)",0.0
11259,"(3, 67, 1)",0.0
11260,"(4, 67, 1)",0.0
11261,"(5, 67, 1)",0.0
11262,"(6, 67, 1)",0.0
11263,"(7, 67, 1)",0.0
11264,"(8, 67, 1)",0.0
11265,"(9, 67, 1)",0.0
11266,"(10, 67, 1)",0.0
11267,"(11, 67, 1)",0.0
11268,"(12, 67, 1)",0.0
11269,"(13, 67, 1)",0.0
11270,"(14, 67, 1)",0.0
11271,"(15, 67, 1)",0.0
11272,"(16, 67, 1)",0.0
11273,"(17, 67, 1)",0.0
11274,"(18, 67, 1)",0.0
11275,"(19, 67, 1)",0.0
11276,"(20, 67, 1)",0.0
11277,"(0, 67, 2)",0.0
11278,"(1, 67, 2)",0.0
11279,"(2, 67, 2)",0.0
11280,"(3, 67, 2)",0.0
11281,"(4, 67, 2)",0.0
11282,"(5, 67, 2)",0.0
11283,"(6, 67, 2)",0.0
11284,"(7, 67, 2)",0.0
11285,"(8, 67, 2)",0.0
11286,"(9, 67, 2)",0.0
11287,"(10, 67, 2)",0.0
11288,"(11, 67, 2)",0.0
11289,"(12, 67, 2)",0.0
11290,"(13, 67, 2)",0.0
11291,"(14, 67, 2)",0.0
11292,"(15, 67, 2)",0.0
11293,"(16, 67, 2)",0.0
11294,"(17, 67, 2)",0.0
11295,"(18, 67, 2)",0.0
11296,"(19, 67, 2)",0.0
11297,"(20, 67, 2)",0.0
11298,"(0, 67, 3)",0.0
11299,"(1, 67, 3)",0.0
11300,"(2, 67, 3)",0.0
11301,"(3, 67, 3)",0.0
11302,"(4, 67, 3)",0.0
11303,"(5, 67, 3)",0.0
11304,"(6, 67, 3)",0.0
11305,"(7, 67, 3)",0.0
11306,"(8, 67, 3)",0.0
11307,"(9, 67, 3)",0.0
11308,"(10, 67, 3)",0.0
11309,"(11, 67, 3)",0.0
11310,"(12, 67, 3)",0.0
11311,"(13, 67, 3)",0.0
11312,"(14, 67, 3)",0.0
11313,"(15, 67, 3)",0.0
11314,"(16, 67, 3)",0.0
11315,"(17, 67, 3)",0.0
11316,"(18, 67, 3)",0.0
11317,"(19, 67, 3)",0.0
11318,"(20, 67, 3)",0.0
11319,"(0, 67, 4)",0.0
11320,"(1, 67, 4)",0.0
11321,"(2, 67, 4)",0.0
11322,"(3, 67, 4)",0.0
11323,"(4, 67, 4)",0.0
11324,"(5, 67, 4)",0.0
11325,"(6, 67, 4)",0.0
11326,"(7, 67, 4)",0.0
11327,"(8, 67, 4)",0.0
11328,"(9, 67, 4)",0.0
11329,"(10, 67, 4)",0.0
11330,"(11, 67, 4)",0.0
11331,"(12, 67, 4)",0.0
11332,"(13, 67, 4)",0.0
11333,"(14, 67, 4)",0.0
11334,"(15, 67, 4)",0.0
11335,"(16, 67, 4)",0.0
11336,"(17, 67, 4)",0.0
11337,"(18, 67, 4)",0.0
11338,"(19, 67, 4)",0.0
11339,"(20, 67, 4)",0.0
11340,"(0, 67, 5)",0.0
11341,"(1, 67, 5)",0.0
11342,"(2, 67, 5)",0.0
11343,"(3, 67, 5)",0.0
11344,"(4, 67, 5)",0.0
11345,"(5, 67, 5)",0.0
11346,"(6, 67, 5)",0.0
11347,"(7, 67, 5)",0.0
11348,"(8, 67, 5)",0.0
11349,"(9, 67, 5)",0.0
11350,"(10, 67, 5)",0.0
11351,"(11, 67, 5)",0.0
11352,"(12, 67, 5)",0.0
11353,"(13, 67, 5)",0.0
11354,"(14, 67, 5)",0.0
11355,"(15, 67, 5)",0.0
11356,"(16, 67, 5)",0.0
11357,"(17, 67, 5)",0.0
11358,"(18, 67, 5)",0.0
11359,"(19, 67, 5)",0.0
11360,"(20, 67, 5)",0.0
11361,"(0, 67, 6)",0.0
11362,"(1, 67, 6)",0.0
11363,"(2, 67, 6)",0.0
11364,"(3, 67, 6)",0.0
11365,"(4, 67, 6)",0.0
11366,"(5, 67, 6)",0.0
11367,"(6, 67, 6)",0.0
11368,"(7, 67, 6)",0.0
11369,"(8, 67, 6)",0.0
11370,"(9, 67, 6)",0.0
11371,"(10, 67, 6)",0.0
11372,"(11, 67, 6)",0.0
11373,"(12, 67, 6)",0.0
11374,"(13, 67, 6)",0.0
11375,"(14, 67, 6)",0.0
11376,"(15, 67, 6)",0.0
11377,"(16, 67, 6)",0.0
11378,"(17, 67, 6)",0.0
11379,"(18, 67, 6)",0.0
11380,"(19, 67, 6)",0.0
11381,"(20, 67, 6)",0.0
11382,"(0, 67, 7)",0.0
11383,"(1, 67, 7)",0.0
11384,"(2, 67, 7)",0.0
11385,"(3, 67, 7)",0.0
11386,"(4, 67, 7)",0.0
11387,"(5, 67, 7)",0.0
11388,"(6, 67, 7)",0.0
11389,"(7, 67, 7)",0.0
11390,"(8, 67, 7)",0.0
11391,"(9, 67, 7)",0.0
11392,"(10, 67, 7)",0.0
11393,"(11, 67, 7)",0.0
11394,"(12, 67, 7)",0.0
11395,"(13, 67, 7)",0.0
11396,"(14, 67, 7)",0.0
11397,"(15, 67, 7)",0.0
11398,"(16, 67, 7)",0.0
11399,"(17, 67, 7)",0.0
11400,"(18, 67, 7)",0.0
11401,"(19, 67, 7)",0.0
11402,"(20, 67, 7)",0.0
11403,"(0, 67, 8)",0.0
11404,"(1, 67, 8)",0.0
11405,"(2, 67, 8)",0.0
11406,"(3, 67, 8)",0.0
11407,"(4, 67, 8)",0.0
11408,"(5, 67, 8)",0.0
11409,"(6, 67, 8)",0.0
11410,"(7, 67, 8)",0.0
11411,"(8, 67, 8)",0.0
11412,"(9, 67, 8)",0.0
11413,"(10, 67, 8)",0.0
11414,"(11, 67, 8)",0.0
11415,"(12, 67, 8)",0.0
11416,"(13, 67, 8)",0.0
11417,"(14, 67, 8)",0.0
11418,"(15, 67, 8)",0.0
11419,"(16, 67, 8)",0.0
11420,"(17, 67, 8)",0.0
11421,"(18, 67, 8)",0.0
11422,"(19, 67, 8)",0.0
11423,"(20, 67, 8)",0.0
11424,"(0, 68, 1)",0.0
11425,"(1, 68, 1)",0.0
11426,"(2, 68, 1)",0.0
11427,"(3, 68, 1)",0.0
11428,"(4, 68, 1)",0.0
11429,"(5, 68, 1)",0.0
11430,"(6, 68, 1)",0.0
11431,"(7, 68, 1)",0.0
11432,"(8, 68, 1)",0.0
11433,"(9, 68, 1)",0.0
11434,"(10, 68, 1)",0.0
11435,"(11, 68, 1)",0.0
11436,"(12, 68, 1)",0.0
11437,"(13, 68, 1)",0.0
11438,"(14, 68, 1)",0.0
11439,"(15, 68, 1)",0.0
11440,"(16, 68, 1)",0.0
11441,"(17, 68, 1)",0.0
11442,"(18, 68, 1)",0.0
11443,"(19, 68, 1)",0.0
11444,"(20, 68, 1)",0.0
11445,"(0, 68, 2)",0.0
11446,"(1, 68, 2)",7.0
11447,"(2, 68, 2)",0.0
11448,"(3, 68, 2)",1.0
11449,"(4, 68, 2)",0.0
11450,"(5, 68, 2)",0.0
11451,"(6, 68, 2)",0.0
11452,"(7, 68, 2)",0.0
11453,"(8, 68, 2)",0.0
11454,"(9, 68, 2)",0.0
11455,"(10, 68, 2)",0.0
11456,"(11, 68, 2)",0.0
11457,"(12, 68, 2)",0.0
11458,"(13, 68, 2)",0.0
11459,"(14, 68, 2)",0.0
11460,"(15, 68, 2)",0.0
11461,"(16, 68, 2)",0.0
11462,"(17, 68, 2)",0.0
11463,"(18, 68, 2)",0.0
11464,"(19, 68, 2)",0.0
11465,"(20, 68, 2)",0.0
11466,"(0, 68, 3)",0.0
11467,"(1, 68, 3)",0.0
11468,"(2, 68, 3)",0.0
11469,"(3, 68, 3)",0.0
11470,"(4, 68, 3)",0.0
11471,"(5, 68, 3)",0.0
11472,"(6, 68, 3)",0.0
11473,"(7, 68, 3)",0.0
11474,"(8, 68, 3)",0.0
11475,"(9, 68, 3)",0.0
11476,"(10, 68, 3)",0.0
11477,"(11, 68, 3)",0.0
11478,"(12, 68, 3)",0.0
11479,"(13, 68, 3)",0.0
11480,"(14, 68, 3)",0.0
11481,"(15, 68, 3)",0.0
11482,"(16, 68, 3)",0.0
11483,"(17, 68, 3)",0.0
11484,"(18, 68, 3)",0.0
11485,"(19, 68, 3)",0.0
11486,"(20, 68, 3)",0.0
11487,"(0, 68, 4)",0.0
11488,"(1, 68, 4)",0.0
11489,"(2, 68, 4)",0.0
11490,"(3, 68, 4)",0.0
11491,"(4, 68, 4)",0.0
11492,"(5, 68, 4)",0.0
11493,"(6, 68, 4)",0.0
11494,"(7, 68, 4)",0.0
11495,"(8, 68, 4)",0.0
11496,"(9, 68, 4)",0.0
11497,"(10, 68, 4)",0.0
11498,"(11, 68, 4)",0.0
11499,"(12, 68, 4)",0.0
11500,"(13, 68, 4)",0.0
11501,"(14, 68, 4)",0.0
11502,"(15, 68, 4)",0.0
11503,"(16, 68, 4)",0.0
11504,"(17, 68, 4)",0.0
11505,"(18, 68, 4)",0.0
11506,"(19, 68, 4)",0.0
11507,"(20, 68, 4)",0.0
11508,"(0, 68, 5)",0.0
11509,"(1, 68, 5)",0.0
11510,"(2, 68, 5)",0.0
11511,"(3, 68, 5)",0.0
11512,"(4, 68, 5)",0.0
11513,"(5, 68, 5)",0.0
11514,"(6, 68, 5)",0.0
11515,"(7, 68, 5)",0.0
11516,"(8, 68, 5)",0.0
11517,"(9, 68, 5)",0.0
11518,"(10, 68, 5)",0.0
11519,"(11, 68, 5)",0.0
11520,"(12, 68, 5)",0.0
11521,"(13, 68, 5)",0.0
11522,"(14, 68, 5)",0.0
11523,"(15, 68, 5)",0.0
11524,"(16, 68, 5)",0.0
11525,"(17, 68, 5)",0.0
11526,"(18, 68, 5)",0.0
11527,"(19, 68, 5)",0.0
11528,"(20, 68, 5)",0.0
11529,"(0, 68, 6)",0.0
11530,"(1, 68, 6)",0.0
11531,"(2, 68, 6)",0.0
11532,"(3, 68, 6)",0.0
11533,"(4, 68, 6)",0.0
11534,"(5, 68, 6)",0.0
11535,"(6, 68, 6)",0.0
11536,"(7, 68, 6)",0.0
11537,"(8, 68, 6)",0.0
11538,"(9, 68, 6)",0.0
11539,"(10, 68, 6)",0.0
11540,"(11, 68, 6)",0.0
11541,"(12, 68, 6)",0.0
11542,"(13, 68, 6)",0.0
11543,"(14, 68, 6)",0.0
11544,"(15, 68, 6)",0.0
11545,"(16, 68, 6)",0.0
11546,"(17, 68, 6)",0.0
11547,"(18, 68, 6)",0.0
11548,"(19, 68, 6)",0.0
11549,"(20, 68, 6)",0.0
11550,"(0, 68, 7)",0.0
11551,"(1, 68, 7)",0.0
11552,"(2, 68, 7)",0.0
11553,"(3, 68, 7)",0.0
11554,"(4, 68, 7)",0.0
11555,"(5, 68, 7)",0.0
11556,"(6, 68, 7)",0.0
11557,"(7, 68, 7)",0.0
11558,"(8, 68, 7)",0.0
11559,"(9, 68, 7)",0.0
11560,"(10, 68, 7)",0.0
11561,"(11, 68, 7)",0.0
11562,"(12, 68, 7)",0.0
11563,"(13, 68, 7)",0.0
11564,"(14, 68, 7)",0.0
11565,"(15, 68, 7)",0.0
11566,"(16, 68, 7)",0.0
11567,"(17, 68, 7)",0.0
11568,"(18, 68, 7)",0.0
11569,"(19, 68, 7)",0.0
11570,"(20, 68, 7)",0.0
11571,"(0, 68, 8)",0.0
11572,"(1, 68, 8)",0.0
11573,"(2, 68, 8)",0.0
11574,"(3, 68, 8)",0.0
11575,"(4, 68, 8)",0.0
11576,"(5, 68, 8)",0.0
11577,"(6, 68, 8)",0.0
11578,"(7, 68, 8)",0.0
11579,"(8, 68, 8)",0.0
11580,"(9, 68, 8)",0.0
11581,"(10, 68, 8)",0.0
11582,"(11, 68, 8)",0.0
11583,"(12, 68, 8)",0.0
11584,"(13, 68, 8)",0.0
11585,"(14, 68, 8)",0.0
11586,"(15, 68, 8)",0.0
11587,"(16, 68, 8)",0.0
11588,"(17, 68, 8)",0.0
11589,"(18, 68, 8)",0.0
11590,"(19, 68, 8)",0.0
11591,"(20, 68, 8)",0.0
11592,"(0, 69, 1)",0.0
11593,"(1, 69, 1)",0.0
11594,"(2, 69, 1)",0.0
11595,"(3, 69, 1)",0.0
11596,"(4, 69, 1)",0.0
11597,"(5, 69, 1)",0.0
11598,"(6, 69, 1)",0.0
11599,"(7, 69, 1)",0.0
11600,"(8, 69, 1)",0.0
11601,"(9, 69, 1)",0.0
11602,"(10, 69, 1)",0.0
11603,"(11, 69, 1)",0.0
11604,"(12, 69, 1)",0.0
11605,"(13, 69, 1)",0.0
11606,"(14, 69, 1)",0.0
11607,"(15, 69, 1)",0.0
11608,"(16, 69, 1)",0.0
11609,"(17, 69, 1)",0.0
11610,"(18, 69, 1)",0.0
11611,"(19, 69, 1)",0.0
11612,"(20, 69, 1)",0.0
11613,"(0, 69, 2)",0.0
11614,"(1, 69, 2)",0.0
11615,"(2, 69, 2)",0.0
11616,"(3, 69, 2)",0.0
11617,"(4, 69, 2)",0.0
11618,"(5, 69, 2)",0.0
11619,"(6, 69, 2)",0.0
11620,"(7, 69, 2)",0.0
11621,"(8, 69, 2)",0.0
11622,"(9, 69, 2)",2.0
11623,"(10, 69, 2)",0.0
11624,"(11, 69, 2)",0.0
11625,"(12, 69, 2)",0.0
11626,"(13, 69, 2)",0.0
11627,"(14, 69, 2)",0.0
11628,"(15, 69, 2)",0.0
11629,"(16, 69, 2)",0.0
11630,"(17, 69, 2)",0.0
11631,"(18, 69, 2)",0.0
11632,"(19, 69, 2)",0.0
11633,"(20, 69, 2)",0.0
11634,"(0, 69, 3)",0.0
11635,"(1, 69, 3)",0.0
11636,"(2, 69, 3)",0.0
11637,"(3, 69, 3)",0.0
11638,"(4, 69, 3)",0.0
11639,"(5, 69, 3)",0.0
11640,"(6, 69, 3)",0.0
11641,"(7, 69, 3)",0.0
11642,"(8, 69, 3)",0.0
11643,"(9, 69, 3)",0.0
11644,"(10, 69, 3)",0.0
11645,"(11, 69, 3)",0.0
11646,"(12, 69, 3)",0.0
11647,"(13, 69, 3)",0.0
11648,"(14, 69, 3)",0.0
11649,"(15, 69, 3)",0.0
11650,"(16, 69, 3)",0.0
11651,"(17, 69, 3)",0.0
11652,"(18, 69, 3)",0.0
11653,"(19, 69, 3)",0.0
11654,"(20, 69, 3)",0.0
11655,"(0, 69, 4)",0.0
11656,"(1, 69, 4)",0.0
11657,"(2, 69, 4)",0.0
11658,"(3, 69, 4)",0.0
11659,"(4, 69, 4)",0.0
11660,"(5, 69, 4)",0.0
11661,"(6, 69, 4)",0.0
11662,"(7, 69, 4)",0.0
11663,"(8, 69, 4)",0.0
11664,"(9, 69, 4)",0.0
11665,"(10, 69, 4)",3.0
11666,"(11, 69, 4)",0.0
11667,"(12, 69, 4)",0.0
11668,"(13, 69, 4)",0.0
11669,"(14, 69, 4)",0.0
11670,"(15, 69, 4)",0.0
11671,"(16, 69, 4)",0.0
11672,"(17, 69, 4)",0.0
11673,"(18, 69, 4)",0.0
11674,"(19, 69, 4)",0.0
11675,"(20, 69, 4)",0.0
11676,"(0, 69, 5)",0.0
11677,"(1, 69, 5)",0.0
11678,"(2, 69, 5)",0.0
11679,"(3, 69, 5)",0.0
11680,"(4, 69, 5)",0.0
11681,"(5, 69, 5)",0.0
11682,"(6, 69, 5)",0.0
11683,"(7, 69, 5)",0.0
11684,"(8, 69, 5)",0.0
11685,"(9, 69, 5)",0.0
11686,"(10, 69, 5)",0.0
11687,"(11, 69, 5)",0.0
11688,"(12, 69, 5)",0.0
11689,"(13, 69, 5)",0.0
11690,"(14, 69, 5)",0.0
11691,"(15, 69, 5)",0.0
11692,"(16, 69, 5)",0.0
11693,"(17, 69, 5)",0.0
11694,"(18, 69, 5)",0.0
11695,"(19, 69, 5)",0.0
11696,"(20, 69, 5)",0.0
11697,"(0, 69, 6)",0.0
11698,"(1, 69, 6)",0.0
11699,"(2, 69, 6)",0.0
11700,"(3, 69, 6)",0.0
11701,"(4, 69, 6)",0.0
11702,"(5, 69, 6)",0.0
11703,"(6, 69, 6)",0.0
11704,"(7, 69, 6)",0.0
11705,"(8, 69, 6)",0.0
11706,"(9, 69, 6)",0.0
11707,"(10, 69, 6)",0.0
11708,"(11, 69, 6)",0.0
11709,"(12, 69, 6)",0.0
11710,"(13, 69, 6)",0.0
11711,"(14, 69, 6)",0.0
11712,"(15, 69, 6)",0.0
11713,"(16, 69, 6)",0.0
11714,"(17, 69, 6)",0.0
11715,"(18, 69, 6)",0.0
11716,"(19, 69, 6)",0.0
11717,"(20, 69, 6)",0.0
11718,"(0, 69, 7)",0.0
11719,"(1, 69, 7)",0.0
11720,"(2, 69, 7)",0.0
11721,"(3, 69, 7)",0.0
11722,"(4, 69, 7)",0.0
11723,"(5, 69, 7)",0.0
11724,"(6, 69, 7)",0.0
11725,"(7, 69, 7)",0.0
11726,"(8, 69, 7)",0.0
11727,"(9, 69, 7)",0.0
11728,"(10, 69, 7)",0.0
11729,"(11, 69, 7)",0.0
11730,"(12, 69, 7)",0.0
11731,"(13, 69, 7)",0.0
11732,"(14, 69, 7)",0.0
11733,"(15, 69, 7)",0.0
11734,"(16, 69, 7)",0.0
11735,"(17, 69, 7)",0.0
11736,"(18, 69, 7)",0.0
11737,"(19, 69, 7)",0.0
11738,"(20, 69, 7)",0.0
11739,"(0, 69, 8)",0.0
11740,"(1, 69, 8)",0.0
11741,"(2, 69, 8)",0.0
11742,"(3, 69, 8)",0.0
11743,"(4, 69, 8)",0.0
11744,"(5, 69, 8)",0.0
11745,"(6, 69, 8)",0.0
11746,"(7, 69, 8)",0.0
11747,"(8, 69, 8)",0.0
11748,"(9, 69, 8)",0.0
11749,"(10, 69, 8)",0.0
11750,"(11, 69, 8)",0.0
11751,"(12, 69, 8)",0.0
11752,"(13, 69, 8)",0.0
11753,"(14, 69, 8)",0.0
11754,"(15, 69, 8)",0.0
11755,"(16, 69, 8)",0.0
11756,"(17, 69, 8)",0.0
11757,"(18, 69, 8)",0.0
11758,"(19, 69, 8)",0.0
11759,"(20, 69, 8)",0.0
11760,"(0, 70, 1)",0.0
11761,"(1, 70, 1)",0.0
11762,"(2, 70, 1)",0.0
11763,"(3, 70, 1)",0.0
11764,"(4, 70, 1)",0.0
11765,"(5, 70, 1)",0.0
11766,"(6, 70, 1)",0.0
11767,"(7, 70, 1)",0.0
11768,"(8, 70, 1)",0.0
11769,"(9, 70, 1)",0.0
11770,"(10, 70, 1)",0.0
11771,"(11, 70, 1)",0.0
11772,"(12, 70, 1)",0.0
11773,"(13, 70, 1)",0.0
11774,"(14, 70, 1)",0.0
11775,"(15, 70, 1)",0.0
11776,"(16, 70, 1)",0.0
11777,"(17, 70, 1)",0.0
11778,"(18, 70, 1)",0.0
11779,"(19, 70, 1)",0.0
11780,"(20, 70, 1)",0.0
11781,"(0, 70, 2)",0.0
11782,"(1, 70, 2)",0.0
11783,"(2, 70, 2)",0.0
11784,"(3, 70, 2)",0.0
11785,"(4, 70, 2)",0.0
11786,"(5, 70, 2)",0.0
11787,"(6, 70, 2)",0.0
11788,"(7, 70, 2)",0.0
11789,"(8, 70, 2)",0.0
11790,"(9, 70, 2)",0.0
11791,"(10, 70, 2)",0.0
11792,"(11, 70, 2)",0.0
11793,"(12, 70, 2)",0.0
11794,"(13, 70, 2)",0.0
11795,"(14, 70, 2)",0.0
11796,"(15, 70, 2)",0.0
11797,"(16, 70, 2)",0.0
11798,"(17, 70, 2)",0.0
11799,"(18, 70, 2)",0.0
11800,"(19, 70, 2)",0.0
11801,"(20, 70, 2)",0.0
11802,"(0, 70, 3)",0.0
11803,"(1, 70, 3)",0.0
11804,"(2, 70, 3)",1.0
11805,"(3, 70, 3)",0.0
11806,"(4, 70, 3)",0.0
11807,"(5, 70, 3)",0.0
11808,"(6, 70, 3)",0.0
11809,"(7, 70, 3)",0.0
11810,"(8, 70, 3)",0.0
11811,"(9, 70, 3)",0.0
11812,"(10, 70, 3)",0.0
11813,"(11, 70, 3)",0.0
11814,"(12, 70, 3)",0.0
11815,"(13, 70, 3)",0.0
11816,"(14, 70, 3)",0.0
11817,"(15, 70, 3)",0.0
11818,"(16, 70, 3)",0.0
11819,"(17, 70, 3)",0.0
11820,"(18, 70, 3)",0.0
11821,"(19, 70, 3)",0.0
11822,"(20, 70, 3)",0.0
11823,"(0, 70, 4)",0.0
11824,"(1, 70, 4)",0.0
11825,"(2, 70, 4)",0.0
11826,"(3, 70, 4)",0.0
11827,"(4, 70, 4)",0.0
11828,"(5, 70, 4)",0.0
11829,"(6, 70, 4)",0.0
11830,"(7, 70, 4)",0.0
11831,"(8, 70, 4)",0.0
11832,"(9, 70, 4)",0.0
11833,"(10, 70, 4)",0.0
11834,"(11, 70, 4)",0.0
11835,"(12, 70, 4)",0.0
11836,"(13, 70, 4)",0.0
11837,"(14, 70, 4)",0.0
11838,"(15, 70, 4)",0.0
11839,"(16, 70, 4)",0.0
11840,"(17, 70, 4)",0.0
11841,"(18, 70, 4)",0.0
11842,"(19, 70, 4)",0.0
11843,"(20, 70, 4)",0.0
11844,"(0, 70, 5)",0.0
11845,"(1, 70, 5)",0.0
11846,"(2, 70, 5)",0.0
11847,"(3, 70, 5)",0.0
11848,"(4, 70, 5)",0.0
11849,"(5, 70, 5)",0.0
11850,"(6, 70, 5)",0.0
11851,"(7, 70, 5)",0.0
11852,"(8, 70, 5)",0.0
11853,"(9, 70, 5)",0.0
11854,"(10, 70, 5)",2.0
11855,"(11, 70, 5)",0.0
11856,"(12, 70, 5)",0.0
11857,"(13, 70, 5)",0.0
11858,"(14, 70, 5)",0.0
11859,"(15, 70, 5)",0.0
11860,"(16, 70, 5)",0.0
11861,"(17, 70, 5)",0.0
11862,"(18, 70, 5)",0.0
11863,"(19, 70, 5)",0.0
11864,"(20, 70, 5)",0.0
11865,"(0, 70, 6)",0.0
11866,"(1, 70, 6)",0.0
11867,"(2, 70, 6)",0.0
11868,"(3, 70, 6)",2.0
11869,"(4, 70, 6)",0.0
11870,"(5, 70, 6)",0.0
11871,"(6, 70, 6)",0.0
11872,"(7, 70, 6)",0.0
11873,"(8, 70, 6)",0.0
11874,"(9, 70, 6)",0.0
11875,"(10, 70, 6)",0.0
11876,"(11, 70, 6)",0.0
11877,"(12, 70, 6)",0.0
11878,"(13, 70, 6)",0.0
11879,"(14, 70, 6)",0.0
11880,"(15, 70, 6)",0.0
11881,"(16, 70, 6)",0.0
11882,"(17, 70, 6)",0.0
11883,"(18, 70, 6)",0.0
11884,"(19, 70, 6)",0.0
11885,"(20, 70, 6)",0.0
11886,"(0, 70, 7)",0.0
11887,"(1, 70, 7)",0.0
11888,"(2, 70, 7)",0.0
11889,"(3, 70, 7)",0.0
11890,"(4, 70, 7)",0.0
11891,"(5, 70, 7)",0.0
11892,"(6, 70, 7)",0.0
11893,"(7, 70, 7)",0.0
11894,"(8, 70, 7)",0.0
11895,"(9, 70, 7)",0.0
11896,"(10, 70, 7)",0.0
11897,"(11, 70, 7)",0.0
11898,"(12, 70, 7)",0.0
11899,"(13, 70, 7)",0.0
11900,"(14, 70, 7)",0.0
11901,"(15, 70, 7)",0.0
11902,"(16, 70, 7)",0.0
11903,"(17, 70, 7)",0.0
11904,"(18, 70, 7)",0.0
11905,"(19, 70, 7)",0.0
11906,"(20, 70, 7)",0.0
11907,"(0, 70, 8)",0.0
11908,"(1, 70, 8)",0.0
11909,"(2, 70, 8)",0.0
11910,"(3, 70, 8)",0.0
11911,"(4, 70, 8)",0.0
11912,"(5, 70, 8)",0.0
11913,"(6, 70, 8)",0.0
11914,"(7, 70, 8)",0.0
11915,"(8, 70, 8)",0.0
11916,"(9, 70, 8)",0.0
11917,"(10, 70, 8)",0.0
11918,"(11, 70, 8)",0.0
11919,"(12, 70, 8)",0.0
11920,"(13, 70, 8)",0.0
11921,"(14, 70, 8)",0.0
11922,"(15, 70, 8)",0.0
11923,"(16, 70, 8)",0.0
11924,"(17, 70, 8)",0.0
11925,"(18, 70, 8)",0.0
11926,"(19, 70, 8)",0.0
11927,"(20, 70, 8)",0.0
11928,"(0, 71, 1)",0.0
11929,"(1, 71, 1)",0.0
11930,"(2, 71, 1)",0.0
11931,"(3, 71, 1)",0.0
11932,"(4, 71, 1)",0.0
11933,"(5, 71, 1)",0.0
11934,"(6, 71, 1)",0.0
11935,"(7, 71, 1)",0.0
11936,"(8, 71, 1)",0.0
11937,"(9, 71, 1)",0.0
11938,"(10, 71, 1)",0.0
11939,"(11, 71, 1)",0.0
11940,"(12, 71, 1)",0.0
11941,"(13, 71, 1)",0.0
11942,"(14, 71, 1)",0.0
11943,"(15, 71, 1)",0.0
11944,"(16, 71, 1)",0.0
11945,"(17, 71, 1)",0.0
11946,"(18, 71, 1)",0.0
11947,"(19, 71, 1)",0.0
11948,"(20, 71, 1)",0.0
11949,"(0, 71, 2)",0.0
11950,"(1, 71, 2)",0.0
11951,"(2, 71, 2)",0.0
11952,"(3, 71, 2)",0.0
11953,"(4, 71, 2)",0.0
11954,"(5, 71, 2)",0.0
11955,"(6, 71, 2)",0.0
11956,"(7, 71, 2)",0.0
11957,"(8, 71, 2)",0.0
11958,"(9, 71, 2)",0.0
11959,"(10, 71, 2)",0.0
11960,"(11, 71, 2)",0.0
11961,"(12, 71, 2)",0.0
11962,"(13, 71, 2)",0.0
11963,"(14, 71, 2)",0.0
11964,"(15, 71, 2)",0.0
11965,"(16, 71, 2)",0.0
11966,"(17, 71, 2)",0.0
11967,"(18, 71, 2)",0.0
11968,"(19, 71, 2)",0.0
11969,"(20, 71, 2)",0.0
11970,"(0, 71, 3)",0.0
11971,"(1, 71, 3)",0.0
11972,"(2, 71, 3)",0.0
11973,"(3, 71, 3)",0.0
11974,"(4, 71, 3)",0.0
11975,"(5, 71, 3)",0.0
11976,"(6, 71, 3)",0.0
11977,"(7, 71, 3)",0.0
11978,"(8, 71, 3)",0.0
11979,"(9, 71, 3)",0.0
11980,"(10, 71, 3)",0.0
11981,"(11, 71, 3)",0.0
11982,"(12, 71, 3)",0.0
11983,"(13, 71, 3)",0.0
11984,"(14, 71, 3)",0.0
11985,"(15, 71, 3)",0.0
11986,"(16, 71, 3)",0.0
11987,"(17, 71, 3)",0.0
11988,"(18, 71, 3)",0.0
11989,"(19, 71, 3)",0.0
11990,"(20, 71, 3)",0.0
11991,"(0, 71, 4)",0.0
11992,"(1, 71, 4)",0.0
11993,"(2, 71, 4)",0.0
11994,"(3, 71, 4)",0.0
11995,"(4, 71, 4)",0.0
11996,"(5, 71, 4)",0.0
11997,"(6, 71, 4)",0.0
11998,"(7, 71, 4)",0.0
11999,"(8, 71, 4)",0.0
12000,"(9, 71, 4)",0.0
12001,"(10, 71, 4)",0.0
12002,"(11, 71, 4)",0.0
12003,"(12, 71, 4)",0.0
12004,"(13, 71, 4)",0.0
12005,"(14, 71, 4)",0.0
12006,"(15, 71, 4)",0.0
12007,"(16, 71, 4)",0.0
12008,"(17, 71, 4)",0.0
12009,"(18, 71, 4)",0.0
12010,"(19, 71, 4)",0.0
12011,"(20, 71, 4)",0.0
12012,"(0, 71, 5)",0.0
12013,"(1, 71, 5)",0.0
12014,"(2, 71, 5)",0.0
12015,"(3, 71, 5)",0.0
12016,"(4, 71, 5)",0.0
12017,"(5, 71, 5)",0.0
12018,"(6, 71, 5)",0.0
12019,"(7, 71, 5)",0.0
12020,"(8, 71, 5)",0.0
12021,"(9, 71, 5)",0.0
12022,"(10, 71, 5)",0.0
12023,"(11, 71, 5)",0.0
12024,"(12, 71, 5)",0.0
12025,"(13, 71, 5)",0.0
12026,"(14, 71, 5)",0.0
12027,"(15, 71, 5)",0.0
12028,"(16, 71, 5)",0.0
12029,"(17, 71, 5)",0.0
12030,"(18, 71, 5)",0.0
12031,"(19, 71, 5)",0.0
12032,"(20, 71, 5)",0.0
12033,"(0, 71, 6)",0.0
12034,"(1, 71, 6)",0.0
12035,"(2, 71, 6)",0.0
12036,"(3, 71, 6)",0.0
12037,"(4, 71, 6)",0.0
12038,"(5, 71, 6)",0.0
12039,"(6, 71, 6)",0.0
12040,"(7, 71, 6)",0.0
12041,"(8, 71, 6)",0.0
12042,"(9, 71, 6)",0.0
12043,"(10, 71, 6)",0.0
12044,"(11, 71, 6)",0.0
12045,"(12, 71, 6)",0.0
12046,"(13, 71, 6)",0.0
12047,"(14, 71, 6)",0.0
12048,"(15, 71, 6)",0.0
12049,"(16, 71, 6)",0.0
12050,"(17, 71, 6)",0.0
12051,"(18, 71, 6)",0.0
12052,"(19, 71, 6)",0.0
12053,"(20, 71, 6)",0.0
12054,"(0, 71, 7)",0.0
12055,"(1, 71, 7)",0.0
12056,"(2, 71, 7)",0.0
12057,"(3, 71, 7)",0.0
12058,"(4, 71, 7)",0.0
12059,"(5, 71, 7)",0.0
12060,"(6, 71, 7)",0.0
12061,"(7, 71, 7)",0.0
12062,"(8, 71, 7)",0.0
12063,"(9, 71, 7)",0.0
12064,"(10, 71, 7)",0.0
12065,"(11, 71, 7)",0.0
12066,"(12, 71, 7)",0.0
12067,"(13, 71, 7)",0.0
12068,"(14, 71, 7)",0.0
12069,"(15, 71, 7)",0.0
12070,"(16, 71, 7)",0.0
12071,"(17, 71, 7)",0.0
12072,"(18, 71, 7)",0.0
12073,"(19, 71, 7)",0.0
12074,"(20, 71, 7)",0.0
12075,"(0, 71, 8)",0.0
12076,"(1, 71, 8)",0.0
12077,"(2, 71, 8)",0.0
12078,"(3, 71, 8)",0.0
12079,"(4, 71, 8)",0.0
12080,"(5, 71, 8)",0.0
12081,"(6, 71, 8)",0.0
12082,"(7, 71, 8)",0.0
12083,"(8, 71, 8)",0.0
12084,"(9, 71, 8)",0.0
12085,"(10, 71, 8)",0.0
12086,"(11, 71, 8)",0.0
12087,"(12, 71, 8)",0.0
12088,"(13, 71, 8)",0.0
12089,"(14, 71, 8)",0.0
12090,"(15, 71, 8)",0.0
12091,"(16, 71, 8)",0.0
12092,"(17, 71, 8)",0.0
12093,"(18, 71, 8)",0.0
12094,"(19, 71, 8)",0.0
12095,"(20, 71, 8)",0.0
12096,"(0, 72, 1)",0.0
12097,"(1, 72, 1)",0.0
12098,"(2, 72, 1)",0.0
12099,"(3, 72, 1)",0.0
12100,"(4, 72, 1)",0.0
12101,"(5, 72, 1)",0.0
12102,"(6, 72, 1)",0.0
12103,"(7, 72, 1)",0.0
12104,"(8, 72, 1)",0.0
12105,"(9, 72, 1)",0.0
12106,"(10, 72, 1)",0.0
12107,"(11, 72, 1)",0.0
12108,"(12, 72, 1)",0.0
12109,"(13, 72, 1)",0.0
12110,"(14, 72, 1)",0.0
12111,"(15, 72, 1)",0.0
12112,"(16, 72, 1)",0.0
12113,"(17, 72, 1)",0.0
12114,"(18, 72, 1)",0.0
12115,"(19, 72, 1)",0.0
12116,"(20, 72, 1)",0.0
12117,"(0, 72, 2)",0.0
12118,"(1, 72, 2)",0.0
12119,"(2, 72, 2)",0.0
12120,"(3, 72, 2)",0.0
12121,"(4, 72, 2)",0.0
12122,"(5, 72, 2)",0.0
12123,"(6, 72, 2)",0.0
12124,"(7, 72, 2)",0.0
12125,"(8, 72, 2)",0.0
12126,"(9, 72, 2)",0.0
12127,"(10, 72, 2)",0.0
12128,"(11, 72, 2)",0.0
12129,"(12, 72, 2)",0.0
12130,"(13, 72, 2)",0.0
12131,"(14, 72, 2)",0.0
12132,"(15, 72, 2)",0.0
12133,"(16, 72, 2)",0.0
12134,"(17, 72, 2)",0.0
12135,"(18, 72, 2)",0.0
12136,"(19, 72, 2)",0.0
12137,"(20, 72, 2)",0.0
12138,"(0, 72, 3)",0.0
12139,"(1, 72, 3)",0.0
12140,"(2, 72, 3)",0.0
12141,"(3, 72, 3)",0.0
12142,"(4, 72, 3)",0.0
12143,"(5, 72, 3)",0.0
12144,"(6, 72, 3)",0.0
12145,"(7, 72, 3)",0.0
12146,"(8, 72, 3)",0.0
12147,"(9, 72, 3)",0.0
12148,"(10, 72, 3)",0.0
12149,"(11, 72, 3)",0.0
12150,"(12, 72, 3)",0.0
12151,"(13, 72, 3)",0.0
12152,"(14, 72, 3)",0.0
12153,"(15, 72, 3)",0.0
12154,"(16, 72, 3)",0.0
12155,"(17, 72, 3)",0.0
12156,"(18, 72, 3)",0.0
12157,"(19, 72, 3)",0.0
12158,"(20, 72, 3)",0.0
12159,"(0, 72, 4)",0.0
12160,"(1, 72, 4)",0.0
12161,"(2, 72, 4)",0.0
12162,"(3, 72, 4)",0.0
12163,"(4, 72, 4)",0.0
12164,"(5, 72, 4)",0.0
12165,"(6, 72, 4)",0.0
12166,"(7, 72, 4)",0.0
12167,"(8, 72, 4)",0.0
12168,"(9, 72, 4)",0.0
12169,"(10, 72, 4)",0.0
12170,"(11, 72, 4)",0.0
12171,"(12, 72, 4)",0.0
12172,"(13, 72, 4)",0.0
12173,"(14, 72, 4)",0.0
12174,"(15, 72, 4)",0.0
12175,"(16, 72, 4)",0.0
12176,"(17, 72, 4)",0.0
12177,"(18, 72, 4)",0.0
12178,"(19, 72, 4)",0.0
12179,"(20, 72, 4)",0.0
12180,"(0, 72, 5)",0.0
12181,"(1, 72, 5)",0.0
12182,"(2, 72, 5)",0.0
12183,"(3, 72, 5)",0.0
12184,"(4, 72, 5)",0.0
12185,"(5, 72, 5)",0.0
12186,"(6, 72, 5)",0.0
12187,"(7, 72, 5)",0.0
12188,"(8, 72, 5)",0.0
12189,"(9, 72, 5)",0.0
12190,"(10, 72, 5)",0.0
12191,"(11, 72, 5)",0.0
12192,"(12, 72, 5)",0.0
12193,"(13, 72, 5)",0.0
12194,"(14, 72, 5)",0.0
12195,"(15, 72, 5)",0.0
12196,"(16, 72, 5)",0.0
12197,"(17, 72, 5)",0.0
12198,"(18, 72, 5)",0.0
12199,"(19, 72, 5)",0.0
12200,"(20, 72, 5)",0.0
12201,"(0, 72, 6)",0.0
12202,"(1, 72, 6)",0.0
12203,"(2, 72, 6)",0.0
12204,"(3, 72, 6)",0.0
12205,"(4, 72, 6)",0.0
12206,"(5, 72, 6)",0.0
12207,"(6, 72, 6)",0.0
12208,"(7, 72, 6)",0.0
12209,"(8, 72, 6)",0.0
12210,"(9, 72, 6)",0.0
12211,"(10, 72, 6)",0.0
12212,"(11, 72, 6)",0.0
12213,"(12, 72, 6)",0.0
12214,"(13, 72, 6)",0.0
12215,"(14, 72, 6)",0.0
12216,"(15, 72, 6)",0.0
12217,"(16, 72, 6)",0.0
12218,"(17, 72, 6)",0.0
12219,"(18, 72, 6)",0.0
12220,"(19, 72, 6)",0.0
12221,"(20, 72, 6)",0.0
12222,"(0, 72, 7)",0.0
12223,"(1, 72, 7)",0.0
12224,"(2, 72, 7)",0.0
12225,"(3, 72, 7)",0.0
12226,"(4, 72, 7)",0.0
12227,"(5, 72, 7)",0.0
12228,"(6, 72, 7)",0.0
12229,"(7, 72, 7)",0.0
12230,"(8, 72, 7)",0.0
12231,"(9, 72, 7)",0.0
12232,"(10, 72, 7)",0.0
12233,"(11, 72, 7)",0.0
12234,"(12, 72, 7)",0.0
12235,"(13, 72, 7)",0.0
12236,"(14, 72, 7)",0.0
12237,"(15, 72, 7)",0.0
12238,"(16, 72, 7)",0.0
12239,"(17, 72, 7)",0.0
12240,"(18, 72, 7)",0.0
12241,"(19, 72, 7)",0.0
12242,"(20, 72, 7)",0.0
12243,"(0, 72, 8)",0.0
12244,"(1, 72, 8)",0.0
12245,"(2, 72, 8)",0.0
12246,"(3, 72, 8)",0.0
12247,"(4, 72, 8)",0.0
12248,"(5, 72, 8)",0.0
12249,"(6, 72, 8)",0.0
12250,"(7, 72, 8)",0.0
12251,"(8, 72, 8)",0.0
12252,"(9, 72, 8)",0.0
12253,"(10, 72, 8)",0.0
12254,"(11, 72, 8)",0.0
12255,"(12, 72, 8)",0.0
12256,"(13, 72, 8)",0.0
12257,"(14, 72, 8)",0.0
12258,"(15, 72, 8)",0.0
12259,"(16, 72, 8)",0.0
12260,"(17, 72, 8)",0.0
12261,"(18, 72, 8)",0.0
12262,"(19, 72, 8)",0.0
12263,"(20, 72, 8)",0.0
12264,"(0, 73, 1)",0.0
12265,"(1, 73, 1)",0.0
12266,"(2, 73, 1)",0.0
12267,"(3, 73, 1)",0.0
12268,"(4, 73, 1)",0.0
12269,"(5, 73, 1)",0.0
12270,"(6, 73, 1)",0.0
12271,"(7, 73, 1)",0.0
12272,"(8, 73, 1)",0.0
12273,"(9, 73, 1)",0.0
12274,"(10, 73, 1)",0.0
12275,"(11, 73, 1)",0.0
12276,"(12, 73, 1)",0.0
12277,"(13, 73, 1)",0.0
12278,"(14, 73, 1)",0.0
12279,"(15, 73, 1)",0.0
12280,"(16, 73, 1)",0.0
12281,"(17, 73, 1)",0.0
12282,"(18, 73, 1)",0.0
12283,"(19, 73, 1)",0.0
12284,"(20, 73, 1)",0.0
12285,"(0, 73, 2)",0.0
12286,"(1, 73, 2)",0.0
12287,"(2, 73, 2)",0.0
12288,"(3, 73, 2)",0.0
12289,"(4, 73, 2)",0.0
12290,"(5, 73, 2)",0.0
12291,"(6, 73, 2)",0.0
12292,"(7, 73, 2)",0.0
12293,"(8, 73, 2)",0.0
12294,"(9, 73, 2)",0.0
12295,"(10, 73, 2)",0.0
12296,"(11, 73, 2)",0.0
12297,"(12, 73, 2)",0.0
12298,"(13, 73, 2)",0.0
12299,"(14, 73, 2)",0.0
12300,"(15, 73, 2)",0.0
12301,"(16, 73, 2)",0.0
12302,"(17, 73, 2)",0.0
12303,"(18, 73, 2)",0.0
12304,"(19, 73, 2)",0.0
12305,"(20, 73, 2)",0.0
12306,"(0, 73, 3)",0.0
12307,"(1, 73, 3)",0.0
12308,"(2, 73, 3)",0.0
12309,"(3, 73, 3)",0.0
12310,"(4, 73, 3)",0.0
12311,"(5, 73, 3)",0.0
12312,"(6, 73, 3)",0.0
12313,"(7, 73, 3)",0.0
12314,"(8, 73, 3)",0.0
12315,"(9, 73, 3)",0.0
12316,"(10, 73, 3)",0.0
12317,"(11, 73, 3)",0.0
12318,"(12, 73, 3)",0.0
12319,"(13, 73, 3)",0.0
12320,"(14, 73, 3)",0.0
12321,"(15, 73, 3)",0.0
12322,"(16, 73, 3)",0.0
12323,"(17, 73, 3)",0.0
12324,"(18, 73, 3)",0.0
12325,"(19, 73, 3)",0.0
12326,"(20, 73, 3)",0.0
12327,"(0, 73, 4)",0.0
12328,"(1, 73, 4)",0.0
12329,"(2, 73, 4)",0.0
12330,"(3, 73, 4)",0.0
12331,"(4, 73, 4)",0.0
12332,"(5, 73, 4)",0.0
12333,"(6, 73, 4)",0.0
12334,"(7, 73, 4)",0.0
12335,"(8, 73, 4)",0.0
12336,"(9, 73, 4)",0.0
12337,"(10, 73, 4)",0.0
12338,"(11, 73, 4)",0.0
12339,"(12, 73, 4)",0.0
12340,"(13, 73, 4)",0.0
12341,"(14, 73, 4)",0.0
12342,"(15, 73, 4)",0.0
12343,"(16, 73, 4)",0.0
12344,"(17, 73, 4)",0.0
12345,"(18, 73, 4)",0.0
12346,"(19, 73, 4)",0.0
12347,"(20, 73, 4)",0.0
12348,"(0, 73, 5)",0.0
12349,"(1, 73, 5)",0.0
12350,"(2, 73, 5)",0.0
12351,"(3, 73, 5)",0.0
12352,"(4, 73, 5)",0.0
12353,"(5, 73, 5)",0.0
12354,"(6, 73, 5)",0.0
12355,"(7, 73, 5)",0.0
12356,"(8, 73, 5)",0.0
12357,"(9, 73, 5)",0.0
12358,"(10, 73, 5)",0.0
12359,"(11, 73, 5)",0.0
12360,"(12, 73, 5)",0.0
12361,"(13, 73, 5)",0.0
12362,"(14, 73, 5)",0.0
12363,"(15, 73, 5)",0.0
12364,"(16, 73, 5)",0.0
12365,"(17, 73, 5)",0.0
12366,"(18, 73, 5)",0.0
12367,"(19, 73, 5)",0.0
12368,"(20, 73, 5)",0.0
12369,"(0, 73, 6)",0.0
12370,"(1, 73, 6)",0.0
12371,"(2, 73, 6)",0.0
12372,"(3, 73, 6)",0.0
12373,"(4, 73, 6)",0.0
12374,"(5, 73, 6)",0.0
12375,"(6, 73, 6)",0.0
12376,"(7, 73, 6)",0.0
12377,"(8, 73, 6)",0.0
12378,"(9, 73, 6)",0.0
12379,"(10, 73, 6)",0.0
12380,"(11, 73, 6)",0.0
12381,"(12, 73, 6)",0.0
12382,"(13, 73, 6)",0.0
12383,"(14, 73, 6)",0.0
12384,"(15, 73, 6)",0.0
12385,"(16, 73, 6)",0.0
12386,"(17, 73, 6)",0.0
12387,"(18, 73, 6)",0.0
12388,"(19, 73, 6)",0.0
12389,"(20, 73, 6)",0.0
12390,"(0, 73, 7)",0.0
12391,"(1, 73, 7)",0.0
12392,"(2, 73, 7)",0.0
12393,"(3, 73, 7)",0.0
12394,"(4, 73, 7)",0.0
12395,"(5, 73, 7)",0.0
12396,"(6, 73, 7)",0.0
12397,"(7, 73, 7)",0.0
12398,"(8, 73, 7)",0.0
12399,"(9, 73, 7)",0.0
12400,"(10, 73, 7)",0.0
12401,"(11, 73, 7)",0.0
12402,"(12, 73, 7)",0.0
12403,"(13, 73, 7)",0.0
12404,"(14, 73, 7)",0.0
12405,"(15, 73, 7)",0.0
12406,"(16, 73, 7)",0.0
12407,"(17, 73, 7)",0.0
12408,"(18, 73, 7)",0.0
12409,"(19, 73, 7)",0.0
12410,"(20, 73, 7)",0.0
12411,"(0, 73, 8)",0.0
12412,"(1, 73, 8)",0.0
12413,"(2, 73, 8)",0.0
12414,"(3, 73, 8)",0.0
12415,"(4, 73, 8)",0.0
12416,"(5, 73, 8)",0.0
12417,"(6, 73, 8)",0.0
12418,"(7, 73, 8)",0.0
12419,"(8, 73, 8)",0.0
12420,"(9, 73, 8)",0.0
12421,"(10, 73, 8)",0.0
12422,"(11, 73, 8)",0.0
12423,"(12, 73, 8)",0.0
12424,"(13, 73, 8)",0.0
12425,"(14, 73, 8)",0.0
12426,"(15, 73, 8)",0.0
12427,"(16, 73, 8)",0.0
12428,"(17, 73, 8)",0.0
12429,"(18, 73, 8)",0.0
12430,"(19, 73, 8)",0.0
12431,"(20, 73, 8)",0.0
12432,"(0, 74, 1)",0.0
12433,"(1, 74, 1)",0.0
12434,"(2, 74, 1)",0.0
12435,"(3, 74, 1)",0.0
12436,"(4, 74, 1)",0.0
12437,"(5, 74, 1)",0.0
12438,"(6, 74, 1)",0.0
12439,"(7, 74, 1)",0.0
12440,"(8, 74, 1)",0.0
12441,"(9, 74, 1)",0.0
12442,"(10, 74, 1)",0.0
12443,"(11, 74, 1)",0.0
12444,"(12, 74, 1)",0.0
12445,"(13, 74, 1)",0.0
12446,"(14, 74, 1)",0.0
12447,"(15, 74, 1)",0.0
12448,"(16, 74, 1)",0.0
12449,"(17, 74, 1)",0.0
12450,"(18, 74, 1)",0.0
12451,"(19, 74, 1)",0.0
12452,"(20, 74, 1)",0.0
12453,"(0, 74, 2)",0.0
12454,"(1, 74, 2)",0.0
12455,"(2, 74, 2)",0.0
12456,"(3, 74, 2)",0.0
12457,"(4, 74, 2)",0.0
12458,"(5, 74, 2)",0.0
12459,"(6, 74, 2)",0.0
12460,"(7, 74, 2)",0.0
12461,"(8, 74, 2)",0.0
12462,"(9, 74, 2)",0.0
12463,"(10, 74, 2)",0.0
12464,"(11, 74, 2)",0.0
12465,"(12, 74, 2)",0.0
12466,"(13, 74, 2)",0.0
12467,"(14, 74, 2)",0.0
12468,"(15, 74, 2)",0.0
12469,"(16, 74, 2)",0.0
12470,"(17, 74, 2)",0.0
12471,"(18, 74, 2)",0.0
12472,"(19, 74, 2)",0.0
12473,"(20, 74, 2)",0.0
12474,"(0, 74, 3)",0.0
12475,"(1, 74, 3)",0.0
12476,"(2, 74, 3)",0.0
12477,"(3, 74, 3)",0.0
12478,"(4, 74, 3)",0.0
12479,"(5, 74, 3)",0.0
12480,"(6, 74, 3)",0.0
12481,"(7, 74, 3)",0.0
12482,"(8, 74, 3)",0.0
12483,"(9, 74, 3)",0.0
12484,"(10, 74, 3)",0.0
12485,"(11, 74, 3)",0.0
12486,"(12, 74, 3)",0.0
12487,"(13, 74, 3)",0.0
12488,"(14, 74, 3)",0.0
12489,"(15, 74, 3)",0.0
12490,"(16, 74, 3)",0.0
12491,"(17, 74, 3)",0.0
12492,"(18, 74, 3)",0.0
12493,"(19, 74, 3)",0.0
12494,"(20, 74, 3)",0.0
12495,"(0, 74, 4)",0.0
12496,"(1, 74, 4)",0.0
12497,"(2, 74, 4)",0.0
12498,"(3, 74, 4)",0.0
12499,"(4, 74, 4)",0.0
12500,"(5, 74, 4)",0.0
12501,"(6, 74, 4)",0.0
12502,"(7, 74, 4)",0.0
12503,"(8, 74, 4)",0.0
12504,"(9, 74, 4)",0.0
12505,"(10, 74, 4)",0.0
12506,"(11, 74, 4)",0.0
12507,"(12, 74, 4)",0.0
12508,"(13, 74, 4)",0.0
12509,"(14, 74, 4)",0.0
12510,"(15, 74, 4)",0.0
12511,"(16, 74, 4)",0.0
12512,"(17, 74, 4)",0.0
12513,"(18, 74, 4)",0.0
12514,"(19, 74, 4)",0.0
12515,"(20, 74, 4)",0.0
12516,"(0, 74, 5)",0.0
12517,"(1, 74, 5)",0.0
12518,"(2, 74, 5)",0.0
12519,"(3, 74, 5)",0.0
12520,"(4, 74, 5)",0.0
12521,"(5, 74, 5)",0.0
12522,"(6, 74, 5)",0.0
12523,"(7, 74, 5)",0.0
12524,"(8, 74, 5)",0.0
12525,"(9, 74, 5)",0.0
12526,"(10, 74, 5)",0.0
12527,"(11, 74, 5)",0.0
12528,"(12, 74, 5)",0.0
12529,"(13, 74, 5)",0.0
12530,"(14, 74, 5)",0.0
12531,"(15, 74, 5)",0.0
12532,"(16, 74, 5)",0.0
12533,"(17, 74, 5)",0.0
12534,"(18, 74, 5)",0.0
12535,"(19, 74, 5)",0.0
12536,"(20, 74, 5)",0.0
12537,"(0, 74, 6)",0.0
12538,"(1, 74, 6)",0.0
12539,"(2, 74, 6)",0.0
12540,"(3, 74, 6)",0.0
12541,"(4, 74, 6)",2.0
12542,"(5, 74, 6)",0.0
12543,"(6, 74, 6)",0.0
12544,"(7, 74, 6)",0.0
12545,"(8, 74, 6)",0.0
12546,"(9, 74, 6)",0.0
12547,"(10, 74, 6)",0.0
12548,"(11, 74, 6)",0.0
12549,"(12, 74, 6)",0.0
12550,"(13, 74, 6)",0.0
12551,"(14, 74, 6)",0.0
12552,"(15, 74, 6)",0.0
12553,"(16, 74, 6)",0.0
12554,"(17, 74, 6)",0.0
12555,"(18, 74, 6)",0.0
12556,"(19, 74, 6)",0.0
12557,"(20, 74, 6)",0.0
12558,"(0, 74, 7)",0.0
12559,"(1, 74, 7)",0.0
12560,"(2, 74, 7)",0.0
12561,"(3, 74, 7)",0.0
12562,"(4, 74, 7)",0.0
12563,"(5, 74, 7)",0.0
12564,"(6, 74, 7)",0.0
12565,"(7, 74, 7)",0.0
12566,"(8, 74, 7)",0.0
12567,"(9, 74, 7)",0.0
12568,"(10, 74, 7)",0.0
12569,"(11, 74, 7)",0.0
12570,"(12, 74, 7)",0.0
12571,"(13, 74, 7)",0.0
12572,"(14, 74, 7)",0.0
12573,"(15, 74, 7)",0.0
12574,"(16, 74, 7)",0.0
12575,"(17, 74, 7)",0.0
12576,"(18, 74, 7)",0.0
12577,"(19, 74, 7)",0.0
12578,"(20, 74, 7)",0.0
12579,"(0, 74, 8)",0.0
12580,"(1, 74, 8)",0.0
12581,"(2, 74, 8)",0.0
12582,"(3, 74, 8)",0.0
12583,"(4, 74, 8)",0.0
12584,"(5, 74, 8)",0.0
12585,"(6, 74, 8)",0.0
12586,"(7, 74, 8)",0.0
12587,"(8, 74, 8)",0.0
12588,"(9, 74, 8)",0.0
12589,"(10, 74, 8)",0.0
12590,"(11, 74, 8)",0.0
12591,"(12, 74, 8)",0.0
12592,"(13, 74, 8)",0.0
12593,"(14, 74, 8)",0.0
12594,"(15, 74, 8)",0.0
12595,"(16, 74, 8)",0.0
12596,"(17, 74, 8)",0.0
12597,"(18, 74, 8)",0.0
12598,"(19, 74, 8)",0.0
12599,"(20, 74, 8)",0.0
12600,"(0, 75, 1)",0.0
12601,"(1, 75, 1)",0.0
12602,"(2, 75, 1)",0.0
12603,"(3, 75, 1)",0.0
12604,"(4, 75, 1)",0.0
12605,"(5, 75, 1)",0.0
12606,"(6, 75, 1)",0.0
12607,"(7, 75, 1)",0.0
12608,"(8, 75, 1)",0.0
12609,"(9, 75, 1)",0.0
12610,"(10, 75, 1)",0.0
12611,"(11, 75, 1)",0.0
12612,"(12, 75, 1)",0.0
12613,"(13, 75, 1)",0.0
12614,"(14, 75, 1)",0.0
12615,"(15, 75, 1)",0.0
12616,"(16, 75, 1)",0.0
12617,"(17, 75, 1)",0.0
12618,"(18, 75, 1)",0.0
12619,"(19, 75, 1)",0.0
12620,"(20, 75, 1)",0.0
12621,"(0, 75, 2)",0.0
12622,"(1, 75, 2)",0.0
12623,"(2, 75, 2)",0.0
12624,"(3, 75, 2)",0.0
12625,"(4, 75, 2)",0.0
12626,"(5, 75, 2)",0.0
12627,"(6, 75, 2)",0.0
12628,"(7, 75, 2)",0.0
12629,"(8, 75, 2)",0.0
12630,"(9, 75, 2)",0.0
12631,"(10, 75, 2)",0.0
12632,"(11, 75, 2)",0.0
12633,"(12, 75, 2)",0.0
12634,"(13, 75, 2)",0.0
12635,"(14, 75, 2)",0.0
12636,"(15, 75, 2)",0.0
12637,"(16, 75, 2)",0.0
12638,"(17, 75, 2)",0.0
12639,"(18, 75, 2)",0.0
12640,"(19, 75, 2)",0.0
12641,"(20, 75, 2)",0.0
12642,"(0, 75, 3)",0.0
12643,"(1, 75, 3)",0.0
12644,"(2, 75, 3)",0.0
12645,"(3, 75, 3)",0.0
12646,"(4, 75, 3)",0.0
12647,"(5, 75, 3)",0.0
12648,"(6, 75, 3)",0.0
12649,"(7, 75, 3)",0.0
12650,"(8, 75, 3)",0.0
12651,"(9, 75, 3)",0.0
12652,"(10, 75, 3)",0.0
12653,"(11, 75, 3)",0.0
12654,"(12, 75, 3)",0.0
12655,"(13, 75, 3)",0.0
12656,"(14, 75, 3)",0.0
12657,"(15, 75, 3)",0.0
12658,"(16, 75, 3)",0.0
12659,"(17, 75, 3)",0.0
12660,"(18, 75, 3)",0.0
12661,"(19, 75, 3)",0.0
12662,"(20, 75, 3)",0.0
12663,"(0, 75, 4)",0.0
12664,"(1, 75, 4)",0.0
12665,"(2, 75, 4)",0.0
12666,"(3, 75, 4)",0.0
12667,"(4, 75, 4)",0.0
12668,"(5, 75, 4)",0.0
12669,"(6, 75, 4)",0.0
12670,"(7, 75, 4)",0.0
12671,"(8, 75, 4)",0.0
12672,"(9, 75, 4)",0.0
12673,"(10, 75, 4)",0.0
12674,"(11, 75, 4)",0.0
12675,"(12, 75, 4)",0.0
12676,"(13, 75, 4)",0.0
12677,"(14, 75, 4)",0.0
12678,"(15, 75, 4)",0.0
12679,"(16, 75, 4)",0.0
12680,"(17, 75, 4)",0.0
12681,"(18, 75, 4)",0.0
12682,"(19, 75, 4)",0.0
12683,"(20, 75, 4)",0.0
12684,"(0, 75, 5)",0.0
12685,"(1, 75, 5)",0.0
12686,"(2, 75, 5)",0.0
12687,"(3, 75, 5)",0.0
12688,"(4, 75, 5)",3.0
12689,"(5, 75, 5)",0.0
12690,"(6, 75, 5)",0.0
12691,"(7, 75, 5)",0.0
12692,"(8, 75, 5)",0.0
12693,"(9, 75, 5)",0.0
12694,"(10, 75, 5)",0.0
12695,"(11, 75, 5)",0.0
12696,"(12, 75, 5)",0.0
12697,"(13, 75, 5)",0.0
12698,"(14, 75, 5)",0.0
12699,"(15, 75, 5)",0.0
12700,"(16, 75, 5)",0.0
12701,"(17, 75, 5)",0.0
12702,"(18, 75, 5)",0.0
12703,"(19, 75, 5)",0.0
12704,"(20, 75, 5)",0.0
12705,"(0, 75, 6)",0.0
12706,"(1, 75, 6)",0.0
12707,"(2, 75, 6)",0.0
12708,"(3, 75, 6)",0.0
12709,"(4, 75, 6)",0.0
12710,"(5, 75, 6)",0.0
12711,"(6, 75, 6)",0.0
12712,"(7, 75, 6)",0.0
12713,"(8, 75, 6)",0.0
12714,"(9, 75, 6)",0.0
12715,"(10, 75, 6)",0.0
12716,"(11, 75, 6)",0.0
12717,"(12, 75, 6)",0.0
12718,"(13, 75, 6)",0.0
12719,"(14, 75, 6)",0.0
12720,"(15, 75, 6)",0.0
12721,"(16, 75, 6)",0.0
12722,"(17, 75, 6)",0.0
12723,"(18, 75, 6)",0.0
12724,"(19, 75, 6)",0.0
12725,"(20, 75, 6)",0.0
12726,"(0, 75, 7)",0.0
12727,"(1, 75, 7)",0.0
12728,"(2, 75, 7)",0.0
12729,"(3, 75, 7)",0.0
12730,"(4, 75, 7)",0.0
12731,"(5, 75, 7)",0.0
12732,"(6, 75, 7)",0.0
12733,"(7, 75, 7)",0.0
12734,"(8, 75, 7)",0.0
12735,"(9, 75, 7)",0.0
12736,"(10, 75, 7)",0.0
12737,"(11, 75, 7)",0.0
12738,"(12, 75, 7)",0.0
12739,"(13, 75, 7)",0.0
12740,"(14, 75, 7)",0.0
12741,"(15, 75, 7)",0.0
12742,"(16, 75, 7)",0.0
12743,"(17, 75, 7)",0.0
12744,"(18, 75, 7)",0.0
12745,"(19, 75, 7)",0.0
12746,"(20, 75, 7)",0.0
12747,"(0, 75, 8)",0.0
12748,"(1, 75, 8)",0.0
12749,"(2, 75, 8)",0.0
12750,"(3, 75, 8)",0.0
12751,"(4, 75, 8)",0.0
12752,"(5, 75, 8)",0.0
12753,"(6, 75, 8)",0.0
12754,"(7, 75, 8)",0.0
12755,"(8, 75, 8)",0.0
12756,"(9, 75, 8)",0.0
12757,"(10, 75, 8)",0.0
12758,"(11, 75, 8)",0.0
12759,"(12, 75, 8)",0.0
12760,"(13, 75, 8)",0.0
12761,"(14, 75, 8)",0.0
12762,"(15, 75, 8)",0.0
12763,"(16, 75, 8)",0.0
12764,"(17, 75, 8)",0.0
12765,"(18, 75, 8)",0.0
12766,"(19, 75, 8)",0.0
12767,"(20, 75, 8)",0.0
12768,"(0, 76, 1)",0.0
12769,"(1, 76, 1)",0.0
12770,"(2, 76, 1)",0.0
12771,"(3, 76, 1)",0.0
12772,"(4, 76, 1)",0.0
12773,"(5, 76, 1)",0.0
12774,"(6, 76, 1)",0.0
12775,"(7, 76, 1)",0.0
12776,"(8, 76, 1)",0.0
12777,"(9, 76, 1)",0.0
12778,"(10, 76, 1)",0.0
12779,"(11, 76, 1)",0.0
12780,"(12, 76, 1)",0.0
12781,"(13, 76, 1)",0.0
12782,"(14, 76, 1)",0.0
12783,"(15, 76, 1)",0.0
12784,"(16, 76, 1)",0.0
12785,"(17, 76, 1)",0.0
12786,"(18, 76, 1)",0.0
12787,"(19, 76, 1)",0.0
12788,"(20, 76, 1)",0.0
12789,"(0, 76, 2)",0.0
12790,"(1, 76, 2)",0.0
12791,"(2, 76, 2)",0.0
12792,"(3, 76, 2)",0.0
12793,"(4, 76, 2)",0.0
12794,"(5, 76, 2)",0.0
12795,"(6, 76, 2)",0.0
12796,"(7, 76, 2)",0.0
12797,"(8, 76, 2)",0.0
12798,"(9, 76, 2)",0.0
12799,"(10, 76, 2)",0.0
12800,"(11, 76, 2)",0.0
12801,"(12, 76, 2)",0.0
12802,"(13, 76, 2)",0.0
12803,"(14, 76, 2)",0.0
12804,"(15, 76, 2)",0.0
12805,"(16, 76, 2)",0.0
12806,"(17, 76, 2)",0.0
12807,"(18, 76, 2)",0.0
12808,"(19, 76, 2)",0.0
12809,"(20, 76, 2)",0.0
12810,"(0, 76, 3)",0.0
12811,"(1, 76, 3)",0.0
12812,"(2, 76, 3)",0.0
12813,"(3, 76, 3)",0.0
12814,"(4, 76, 3)",0.0
12815,"(5, 76, 3)",0.0
12816,"(6, 76, 3)",0.0
12817,"(7, 76, 3)",0.0
12818,"(8, 76, 3)",0.0
12819,"(9, 76, 3)",0.0
12820,"(10, 76, 3)",0.0
12821,"(11, 76, 3)",0.0
12822,"(12, 76, 3)",0.0
12823,"(13, 76, 3)",0.0
12824,"(14, 76, 3)",0.0
12825,"(15, 76, 3)",0.0
12826,"(16, 76, 3)",0.0
12827,"(17, 76, 3)",0.0
12828,"(18, 76, 3)",0.0
12829,"(19, 76, 3)",0.0
12830,"(20, 76, 3)",0.0
12831,"(0, 76, 4)",0.0
12832,"(1, 76, 4)",0.0
12833,"(2, 76, 4)",0.0
12834,"(3, 76, 4)",0.0
12835,"(4, 76, 4)",0.0
12836,"(5, 76, 4)",0.0
12837,"(6, 76, 4)",0.0
12838,"(7, 76, 4)",0.0
12839,"(8, 76, 4)",0.0
12840,"(9, 76, 4)",0.0
12841,"(10, 76, 4)",0.0
12842,"(11, 76, 4)",0.0
12843,"(12, 76, 4)",0.0
12844,"(13, 76, 4)",0.0
12845,"(14, 76, 4)",0.0
12846,"(15, 76, 4)",0.0
12847,"(16, 76, 4)",0.0
12848,"(17, 76, 4)",0.0
12849,"(18, 76, 4)",0.0
12850,"(19, 76, 4)",0.0
12851,"(20, 76, 4)",0.0
12852,"(0, 76, 5)",0.0
12853,"(1, 76, 5)",0.0
12854,"(2, 76, 5)",0.0
12855,"(3, 76, 5)",0.0
12856,"(4, 76, 5)",0.0
12857,"(5, 76, 5)",0.0
12858,"(6, 76, 5)",0.0
12859,"(7, 76, 5)",0.0
12860,"(8, 76, 5)",0.0
12861,"(9, 76, 5)",0.0
12862,"(10, 76, 5)",0.0
12863,"(11, 76, 5)",0.0
12864,"(12, 76, 5)",0.0
12865,"(13, 76, 5)",0.0
12866,"(14, 76, 5)",0.0
12867,"(15, 76, 5)",0.0
12868,"(16, 76, 5)",0.0
12869,"(17, 76, 5)",0.0
12870,"(18, 76, 5)",0.0
12871,"(19, 76, 5)",0.0
12872,"(20, 76, 5)",0.0
12873,"(0, 76, 6)",0.0
12874,"(1, 76, 6)",0.0
12875,"(2, 76, 6)",0.0
12876,"(3, 76, 6)",0.0
12877,"(4, 76, 6)",0.0
12878,"(5, 76, 6)",0.0
12879,"(6, 76, 6)",0.0
12880,"(7, 76, 6)",0.0
12881,"(8, 76, 6)",0.0
12882,"(9, 76, 6)",0.0
12883,"(10, 76, 6)",0.0
12884,"(11, 76, 6)",0.0
12885,"(12, 76, 6)",0.0
12886,"(13, 76, 6)",0.0
12887,"(14, 76, 6)",0.0
12888,"(15, 76, 6)",0.0
12889,"(16, 76, 6)",0.0
12890,"(17, 76, 6)",0.0
12891,"(18, 76, 6)",0.0
12892,"(19, 76, 6)",0.0
12893,"(20, 76, 6)",0.0
12894,"(0, 76, 7)",0.0
12895,"(1, 76, 7)",0.0
12896,"(2, 76, 7)",0.0
12897,"(3, 76, 7)",0.0
12898,"(4, 76, 7)",0.0
12899,"(5, 76, 7)",0.0
12900,"(6, 76, 7)",0.0
12901,"(7, 76, 7)",0.0
12902,"(8, 76, 7)",0.0
12903,"(9, 76, 7)",0.0
12904,"(10, 76, 7)",0.0
12905,"(11, 76, 7)",0.0
12906,"(12, 76, 7)",0.0
12907,"(13, 76, 7)",0.0
12908,"(14, 76, 7)",0.0
12909,"(15, 76, 7)",0.0
12910,"(16, 76, 7)",0.0
12911,"(17, 76, 7)",0.0
12912,"(18, 76, 7)",0.0
12913,"(19, 76, 7)",0.0
12914,"(20, 76, 7)",0.0
12915,"(0, 76, 8)",0.0
12916,"(1, 76, 8)",0.0
12917,"(2, 76, 8)",0.0
12918,"(3, 76, 8)",0.0
12919,"(4, 76, 8)",0.0
12920,"(5, 76, 8)",0.0
12921,"(6, 76, 8)",0.0
12922,"(7, 76, 8)",0.0
12923,"(8, 76, 8)",0.0
12924,"(9, 76, 8)",0.0
12925,"(10, 76, 8)",0.0
12926,"(11, 76, 8)",0.0
12927,"(12, 76, 8)",0.0
12928,"(13, 76, 8)",0.0
12929,"(14, 76, 8)",0.0
12930,"(15, 76, 8)",0.0
12931,"(16, 76, 8)",0.0
12932,"(17, 76, 8)",0.0
12933,"(18, 76, 8)",0.0
12934,"(19, 76, 8)",0.0
12935,"(20, 76, 8)",0.0
12936,"(0, 77, 1)",0.0
12937,"(1, 77, 1)",0.0
12938,"(2, 77, 1)",0.0
12939,"(3, 77, 1)",0.0
12940,"(4, 77, 1)",0.0
12941,"(5, 77, 1)",0.0
12942,"(6, 77, 1)",0.0
12943,"(7, 77, 1)",0.0
12944,"(8, 77, 1)",0.0
12945,"(9, 77, 1)",0.0
12946,"(10, 77, 1)",0.0
12947,"(11, 77, 1)",0.0
12948,"(12, 77, 1)",0.0
12949,"(13, 77, 1)",0.0
12950,"(14, 77, 1)",0.0
12951,"(15, 77, 1)",0.0
12952,"(16, 77, 1)",0.0
12953,"(17, 77, 1)",0.0
12954,"(18, 77, 1)",0.0
12955,"(19, 77, 1)",0.0
12956,"(20, 77, 1)",0.0
12957,"(0, 77, 2)",0.0
12958,"(1, 77, 2)",0.0
12959,"(2, 77, 2)",0.0
12960,"(3, 77, 2)",0.0
12961,"(4, 77, 2)",0.0
12962,"(5, 77, 2)",0.0
12963,"(6, 77, 2)",0.0
12964,"(7, 77, 2)",0.0
12965,"(8, 77, 2)",0.0
12966,"(9, 77, 2)",0.0
12967,"(10, 77, 2)",0.0
12968,"(11, 77, 2)",0.0
12969,"(12, 77, 2)",0.0
12970,"(13, 77, 2)",0.0
12971,"(14, 77, 2)",0.0
12972,"(15, 77, 2)",0.0
12973,"(16, 77, 2)",0.0
12974,"(17, 77, 2)",0.0
12975,"(18, 77, 2)",0.0
12976,"(19, 77, 2)",0.0
12977,"(20, 77, 2)",0.0
12978,"(0, 77, 3)",0.0
12979,"(1, 77, 3)",0.0
12980,"(2, 77, 3)",0.0
12981,"(3, 77, 3)",0.0
12982,"(4, 77, 3)",0.0
12983,"(5, 77, 3)",0.0
12984,"(6, 77, 3)",0.0
12985,"(7, 77, 3)",0.0
12986,"(8, 77, 3)",0.0
12987,"(9, 77, 3)",0.0
12988,"(10, 77, 3)",0.0
12989,"(11, 77, 3)",0.0
12990,"(12, 77, 3)",0.0
12991,"(13, 77, 3)",0.0
12992,"(14, 77, 3)",0.0
12993,"(15, 77, 3)",0.0
12994,"(16, 77, 3)",0.0
12995,"(17, 77, 3)",0.0
12996,"(18, 77, 3)",0.0
12997,"(19, 77, 3)",0.0
12998,"(20, 77, 3)",0.0
12999,"(0, 77, 4)",0.0
13000,"(1, 77, 4)",0.0
13001,"(2, 77, 4)",0.0
13002,"(3, 77, 4)",0.0
13003,"(4, 77, 4)",0.0
13004,"(5, 77, 4)",0.0
13005,"(6, 77, 4)",0.0
13006,"(7, 77, 4)",0.0
13007,"(8, 77, 4)",0.0
13008,"(9, 77, 4)",0.0
13009,"(10, 77, 4)",0.0
13010,"(11, 77, 4)",0.0
13011,"(12, 77, 4)",0.0
13012,"(13, 77, 4)",0.0
13013,"(14, 77, 4)",0.0
13014,"(15, 77, 4)",0.0
13015,"(16, 77, 4)",0.0
13016,"(17, 77, 4)",0.0
13017,"(18, 77, 4)",0.0
13018,"(19, 77, 4)",0.0
13019,"(20, 77, 4)",0.0
13020,"(0, 77, 5)",0.0
13021,"(1, 77, 5)",0.0
13022,"(2, 77, 5)",0.0
13023,"(3, 77, 5)",0.0
13024,"(4, 77, 5)",0.0
13025,"(5, 77, 5)",0.0
13026,"(6, 77, 5)",0.0
13027,"(7, 77, 5)",0.0
13028,"(8, 77, 5)",0.0
13029,"(9, 77, 5)",0.0
13030,"(10, 77, 5)",0.0
13031,"(11, 77, 5)",0.0
13032,"(12, 77, 5)",0.0
13033,"(13, 77, 5)",0.0
13034,"(14, 77, 5)",0.0
13035,"(15, 77, 5)",0.0
13036,"(16, 77, 5)",0.0
13037,"(17, 77, 5)",0.0
13038,"(18, 77, 5)",0.0
13039,"(19, 77, 5)",0.0
13040,"(20, 77, 5)",0.0
13041,"(0, 77, 6)",0.0
13042,"(1, 77, 6)",0.0
13043,"(2, 77, 6)",0.0
13044,"(3, 77, 6)",0.0
13045,"(4, 77, 6)",0.0
13046,"(5, 77, 6)",0.0
13047,"(6, 77, 6)",0.0
13048,"(7, 77, 6)",0.0
13049,"(8, 77, 6)",0.0
13050,"(9, 77, 6)",0.0
13051,"(10, 77, 6)",0.0
13052,"(11, 77, 6)",0.0
13053,"(12, 77, 6)",0.0
13054,"(13, 77, 6)",0.0
13055,"(14, 77, 6)",0.0
13056,"(15, 77, 6)",0.0
13057,"(16, 77, 6)",0.0
13058,"(17, 77, 6)",0.0
13059,"(18, 77, 6)",0.0
13060,"(19, 77, 6)",0.0
13061,"(20, 77, 6)",0.0
13062,"(0, 77, 7)",0.0
13063,"(1, 77, 7)",0.0
13064,"(2, 77, 7)",0.0
13065,"(3, 77, 7)",0.0
13066,"(4, 77, 7)",0.0
13067,"(5, 77, 7)",0.0
13068,"(6, 77, 7)",0.0
13069,"(7, 77, 7)",0.0
13070,"(8, 77, 7)",0.0
13071,"(9, 77, 7)",0.0
13072,"(10, 77, 7)",0.0
13073,"(11, 77, 7)",0.0
13074,"(12, 77, 7)",0.0
13075,"(13, 77, 7)",0.0
13076,"(14, 77, 7)",0.0
13077,"(15, 77, 7)",0.0
13078,"(16, 77, 7)",0.0
13079,"(17, 77, 7)",0.0
13080,"(18, 77, 7)",0.0
13081,"(19, 77, 7)",0.0
13082,"(20, 77, 7)",0.0
13083,"(0, 77, 8)",0.0
13084,"(1, 77, 8)",0.0
13085,"(2, 77, 8)",0.0
13086,"(3, 77, 8)",0.0
13087,"(4, 77, 8)",0.0
13088,"(5, 77, 8)",0.0
13089,"(6, 77, 8)",0.0
13090,"(7, 77, 8)",0.0
13091,"(8, 77, 8)",0.0
13092,"(9, 77, 8)",0.0
13093,"(10, 77, 8)",0.0
13094,"(11, 77, 8)",0.0
13095,"(12, 77, 8)",0.0
13096,"(13, 77, 8)",0.0
13097,"(14, 77, 8)",0.0
13098,"(15, 77, 8)",0.0
13099,"(16, 77, 8)",0.0
13100,"(17, 77, 8)",0.0
13101,"(18, 77, 8)",0.0
13102,"(19, 77, 8)",0.0
13103,"(20, 77, 8)",0.0
13104,"(0, 78, 1)",0.0
13105,"(1, 78, 1)",0.0
13106,"(2, 78, 1)",0.0
13107,"(3, 78, 1)",0.0
13108,"(4, 78, 1)",0.0
13109,"(5, 78, 1)",0.0
13110,"(6, 78, 1)",0.0
13111,"(7, 78, 1)",0.0
13112,"(8, 78, 1)",0.0
13113,"(9, 78, 1)",0.0
13114,"(10, 78, 1)",0.0
13115,"(11, 78, 1)",0.0
13116,"(12, 78, 1)",2.0000000000000018
13117,"(13, 78, 1)",0.0
13118,"(14, 78, 1)",0.0
13119,"(15, 78, 1)",0.0
13120,"(16, 78, 1)",0.0
13121,"(17, 78, 1)",0.0
13122,"(18, 78, 1)",0.0
13123,"(19, 78, 1)",0.0
13124,"(20, 78, 1)",0.0
13125,"(0, 78, 2)",0.0
13126,"(1, 78, 2)",0.0
13127,"(2, 78, 2)",0.0
13128,"(3, 78, 2)",0.0
13129,"(4, 78, 2)",0.0
13130,"(5, 78, 2)",0.0
13131,"(6, 78, 2)",0.0
13132,"(7, 78, 2)",0.0
13133,"(8, 78, 2)",0.0
13134,"(9, 78, 2)",0.0
13135,"(10, 78, 2)",0.0
13136,"(11, 78, 2)",0.0
13137,"(12, 78, 2)",3.0
13138,"(13, 78, 2)",47.0
13139,"(14, 78, 2)",2.0
13140,"(15, 78, 2)",4.0
13141,"(16, 78, 2)",0.0
13142,"(17, 78, 2)",0.0
13143,"(18, 78, 2)",0.0
13144,"(19, 78, 2)",0.0
13145,"(20, 78, 2)",0.0
13146,"(0, 78, 3)",0.0
13147,"(1, 78, 3)",0.0
13148,"(2, 78, 3)",0.0
13149,"(3, 78, 3)",0.0
13150,"(4, 78, 3)",0.0
13151,"(5, 78, 3)",0.0
13152,"(6, 78, 3)",0.0
13153,"(7, 78, 3)",0.0
13154,"(8, 78, 3)",0.0
13155,"(9, 78, 3)",0.0
13156,"(10, 78, 3)",0.0
13157,"(11, 78, 3)",0.0
13158,"(12, 78, 3)",4.0
13159,"(13, 78, 3)",47.0
13160,"(14, 78, 3)",2.0
13161,"(15, 78, 3)",0.0
13162,"(16, 78, 3)",0.0
13163,"(17, 78, 3)",47.0
13164,"(18, 78, 3)",0.0
13165,"(19, 78, 3)",0.0
13166,"(20, 78, 3)",0.0
13167,"(0, 78, 4)",0.0
13168,"(1, 78, 4)",0.0
13169,"(2, 78, 4)",0.0
13170,"(3, 78, 4)",0.0
13171,"(4, 78, 4)",0.0
13172,"(5, 78, 4)",0.0
13173,"(6, 78, 4)",0.0
13174,"(7, 78, 4)",0.0
13175,"(8, 78, 4)",0.0
13176,"(9, 78, 4)",0.0
13177,"(10, 78, 4)",0.0
13178,"(11, 78, 4)",0.0
13179,"(12, 78, 4)",4.0
13180,"(13, 78, 4)",47.0
13181,"(14, 78, 4)",0.0
13182,"(15, 78, 4)",0.0
13183,"(16, 78, 4)",47.0
13184,"(17, 78, 4)",0.0
13185,"(18, 78, 4)",0.0
13186,"(19, 78, 4)",0.0
13187,"(20, 78, 4)",0.0
13188,"(0, 78, 5)",0.0
13189,"(1, 78, 5)",0.0
13190,"(2, 78, 5)",0.0
13191,"(3, 78, 5)",0.0
13192,"(4, 78, 5)",0.0
13193,"(5, 78, 5)",0.0
13194,"(6, 78, 5)",0.0
13195,"(7, 78, 5)",0.0
13196,"(8, 78, 5)",0.0
13197,"(9, 78, 5)",0.0
13198,"(10, 78, 5)",0.0
13199,"(11, 78, 5)",0.0
13200,"(12, 78, 5)",0.0
13201,"(13, 78, 5)",47.0
13202,"(14, 78, 5)",0.0
13203,"(15, 78, 5)",4.0
13204,"(16, 78, 5)",47.0
13205,"(17, 78, 5)",47.0
13206,"(18, 78, 5)",0.0
13207,"(19, 78, 5)",0.0
13208,"(20, 78, 5)",0.0
13209,"(0, 78, 6)",0.0
13210,"(1, 78, 6)",0.0
13211,"(2, 78, 6)",0.0
13212,"(3, 78, 6)",0.0
13213,"(4, 78, 6)",0.0
13214,"(5, 78, 6)",0.0
13215,"(6, 78, 6)",0.0
13216,"(7, 78, 6)",0.0
13217,"(8, 78, 6)",0.0
13218,"(9, 78, 6)",0.0
13219,"(10, 78, 6)",0.0
13220,"(11, 78, 6)",0.0
13221,"(12, 78, 6)",0.0
13222,"(13, 78, 6)",47.0
13223,"(14, 78, 6)",2.0
13224,"(15, 78, 6)",0.0
13225,"(16, 78, 6)",47.0
13226,"(17, 78, 6)",47.0
13227,"(18, 78, 6)",0.0
13228,"(19, 78, 6)",0.0
13229,"(20, 78, 6)",0.0
13230,"(0, 78, 7)",0.0
13231,"(1, 78, 7)",0.0
13232,"(2, 78, 7)",0.0
13233,"(3, 78, 7)",0.0
13234,"(4, 78, 7)",0.0
13235,"(5, 78, 7)",0.0
13236,"(6, 78, 7)",0.0
13237,"(7, 78, 7)",0.0
13238,"(8, 78, 7)",0.0
13239,"(9, 78, 7)",0.0
13240,"(10, 78, 7)",0.0
13241,"(11, 78, 7)",0.0
13242,"(12, 78, 7)",0.0
13243,"(13, 78, 7)",47.0
13244,"(14, 78, 7)",0.0
13245,"(15, 78, 7)",4.0
13246,"(16, 78, 7)",47.0
13247,"(17, 78, 7)",47.0
13248,"(18, 78, 7)",0.0
13249,"(19, 78, 7)",0.0
13250,"(20, 78, 7)",0.0
13251,"(0, 78, 8)",0.0
13252,"(1, 78, 8)",0.0
13253,"(2, 78, 8)",0.0
13254,"(3, 78, 8)",0.0
13255,"(4, 78, 8)",0.0
13256,"(5, 78, 8)",0.0
13257,"(6, 78, 8)",0.0
13258,"(7, 78, 8)",0.0
13259,"(8, 78, 8)",0.0
13260,"(9, 78, 8)",0.0
13261,"(10, 78, 8)",0.0
13262,"(11, 78, 8)",0.0
13263,"(12, 78, 8)",0.0
13264,"(13, 78, 8)",0.0
13265,"(14, 78, 8)",0.0
13266,"(15, 78, 8)",0.0
13267,"(16, 78, 8)",0.0
13268,"(17, 78, 8)",0.0
13269,"(18, 78, 8)",0.0
13270,"(19, 78, 8)",0.0
13271,"(20, 78, 8)",0.0
13272,"(0, 79, 1)",0.0
13273,"(1, 79, 1)",0.0
13274,"(2, 79, 1)",0.0
13275,"(3, 79, 1)",0.0
13276,"(4, 79, 1)",0.0
13277,"(5, 79, 1)",0.0
13278,"(6, 79, 1)",0.0
13279,"(7, 79, 1)",0.0
13280,"(8, 79, 1)",0.0
13281,"(9, 79, 1)",0.0
13282,"(10, 79, 1)",0.0
13283,"(11, 79, 1)",0.0
13284,"(12, 79, 1)",0.0
13285,"(13, 79, 1)",0.0
13286,"(14, 79, 1)",0.0
13287,"(15, 79, 1)",0.0
13288,"(16, 79, 1)",0.0
13289,"(17, 79, 1)",0.0
13290,"(18, 79, 1)",0.0
13291,"(19, 79, 1)",0.0
13292,"(20, 79, 1)",0.0
13293,"(0, 79, 2)",0.0
13294,"(1, 79, 2)",0.0
13295,"(2, 79, 2)",0.0
13296,"(3, 79, 2)",0.0
13297,"(4, 79, 2)",0.0
13298,"(5, 79, 2)",0.0
13299,"(6, 79, 2)",0.0
13300,"(7, 79, 2)",0.0
13301,"(8, 79, 2)",0.0
13302,"(9, 79, 2)",0.0
13303,"(10, 79, 2)",0.0
13304,"(11, 79, 2)",0.0
13305,"(12, 79, 2)",0.0
13306,"(13, 79, 2)",0.0
13307,"(14, 79, 2)",0.0
13308,"(15, 79, 2)",0.0
13309,"(16, 79, 2)",0.0
13310,"(17, 79, 2)",0.0
13311,"(18, 79, 2)",0.0
13312,"(19, 79, 2)",0.0
13313,"(20, 79, 2)",0.0
13314,"(0, 79, 3)",0.0
13315,"(1, 79, 3)",0.0
13316,"(2, 79, 3)",0.0
13317,"(3, 79, 3)",0.0
13318,"(4, 79, 3)",0.0
13319,"(5, 79, 3)",0.0
13320,"(6, 79, 3)",0.0
13321,"(7, 79, 3)",0.0
13322,"(8, 79, 3)",0.0
13323,"(9, 79, 3)",0.0
13324,"(10, 79, 3)",0.0
13325,"(11, 79, 3)",0.0
13326,"(12, 79, 3)",0.0
13327,"(13, 79, 3)",0.0
13328,"(14, 79, 3)",0.0
13329,"(15, 79, 3)",0.0
13330,"(16, 79, 3)",0.0
13331,"(17, 79, 3)",0.0
13332,"(18, 79, 3)",0.0
13333,"(19, 79, 3)",0.0
13334,"(20, 79, 3)",0.0
13335,"(0, 79, 4)",0.0
13336,"(1, 79, 4)",0.0
13337,"(2, 79, 4)",0.0
13338,"(3, 79, 4)",0.0
13339,"(4, 79, 4)",0.0
13340,"(5, 79, 4)",0.0
13341,"(6, 79, 4)",0.0
13342,"(7, 79, 4)",0.0
13343,"(8, 79, 4)",0.0
13344,"(9, 79, 4)",0.0
13345,"(10, 79, 4)",0.0
13346,"(11, 79, 4)",0.0
13347,"(12, 79, 4)",0.0
13348,"(13, 79, 4)",0.0
13349,"(14, 79, 4)",0.0
13350,"(15, 79, 4)",0.0
13351,"(16, 79, 4)",0.0
13352,"(17, 79, 4)",0.0
13353,"(18, 79, 4)",0.0
13354,"(19, 79, 4)",0.0
13355,"(20, 79, 4)",0.0
13356,"(0, 79, 5)",0.0
13357,"(1, 79, 5)",0.0
13358,"(2, 79, 5)",0.0
13359,"(3, 79, 5)",0.0
13360,"(4, 79, 5)",0.0
13361,"(5, 79, 5)",0.0
13362,"(6, 79, 5)",0.0
13363,"(7, 79, 5)",0.0
13364,"(8, 79, 5)",0.0
13365,"(9, 79, 5)",0.0
13366,"(10, 79, 5)",0.0
13367,"(11, 79, 5)",0.0
13368,"(12, 79, 5)",0.0
13369,"(13, 79, 5)",0.0
13370,"(14, 79, 5)",0.0
13371,"(15, 79, 5)",0.0
13372,"(16, 79, 5)",0.0
13373,"(17, 79, 5)",0.0
13374,"(18, 79, 5)",0.0
13375,"(19, 79, 5)",0.0
13376,"(20, 79, 5)",0.0
13377,"(0, 79, 6)",0.0
13378,"(1, 79, 6)",0.0
13379,"(2, 79, 6)",0.0
13380,"(3, 79, 6)",0.0
13381,"(4, 79, 6)",0.0
13382,"(5, 79, 6)",0.0
13383,"(6, 79, 6)",0.0
13384,"(7, 79, 6)",0.0
13385,"(8, 79, 6)",0.0
13386,"(9, 79, 6)",0.0
13387,"(10, 79, 6)",0.0
13388,"(11, 79, 6)",0.0
13389,"(12, 79, 6)",0.0
13390,"(13, 79, 6)",0.0
13391,"(14, 79, 6)",0.0
13392,"(15, 79, 6)",0.0
13393,"(16, 79, 6)",0.0
13394,"(17, 79, 6)",0.0
13395,"(18, 79, 6)",0.0
13396,"(19, 79, 6)",0.0
13397,"(20, 79, 6)",0.0
13398,"(0, 79, 7)",0.0
13399,"(1, 79, 7)",0.0
13400,"(2, 79, 7)",0.0
13401,"(3, 79, 7)",0.0
13402,"(4, 79, 7)",0.0
13403,"(5, 79, 7)",0.0
13404,"(6, 79, 7)",0.0
13405,"(7, 79, 7)",0.0
13406,"(8, 79, 7)",0.0
13407,"(9, 79, 7)",0.0
13408,"(10, 79, 7)",0.0
13409,"(11, 79, 7)",0.0
13410,"(12, 79, 7)",0.0
13411,"(13, 79, 7)",0.0
13412,"(14, 79, 7)",0.0
13413,"(15, 79, 7)",0.0
13414,"(16, 79, 7)",0.0
13415,"(17, 79, 7)",0.0
13416,"(18, 79, 7)",0.0
13417,"(19, 79, 7)",0.0
13418,"(20, 79, 7)",0.0
13419,"(0, 79, 8)",0.0
13420,"(1, 79, 8)",0.0
13421,"(2, 79, 8)",0.0
13422,"(3, 79, 8)",0.0
13423,"(4, 79, 8)",0.0
13424,"(5, 79, 8)",0.0
13425,"(6, 79, 8)",0.0
13426,"(7, 79, 8)",0.0
13427,"(8, 79, 8)",0.0
13428,"(9, 79, 8)",0.0
13429,"(10, 79, 8)",0.0
13430,"(11, 79, 8)",0.0
13431,"(12, 79, 8)",0.0
13432,"(13, 79, 8)",0.0
13433,"(14, 79, 8)",0.0
13434,"(15, 79, 8)",0.0
13435,"(16, 79, 8)",0.0
13436,"(17, 79, 8)",0.0
13437,"(18, 79, 8)",0.0
13438,"(19, 79, 8)",0.0
13439,"(20, 79, 8)",0.0
13440,"(0, 80, 1)",0.0
13441,"(1, 80, 1)",0.0
13442,"(2, 80, 1)",0.0
13443,"(3, 80, 1)",0.0
13444,"(4, 80, 1)",0.0
13445,"(5, 80, 1)",0.0
13446,"(6, 80, 1)",0.0
13447,"(7, 80, 1)",0.0
13448,"(8, 80, 1)",0.0
13449,"(9, 80, 1)",0.0
13450,"(10, 80, 1)",0.0
13451,"(11, 80, 1)",0.0
13452,"(12, 80, 1)",0.0
13453,"(13, 80, 1)",0.0
13454,"(14, 80, 1)",0.0
13455,"(15, 80, 1)",0.0
13456,"(16, 80, 1)",0.0
13457,"(17, 80, 1)",0.0
13458,"(18, 80, 1)",0.0
13459,"(19, 80, 1)",0.0
13460,"(20, 80, 1)",0.0
13461,"(0, 80, 2)",0.0
13462,"(1, 80, 2)",0.0
13463,"(2, 80, 2)",0.0
13464,"(3, 80, 2)",0.0
13465,"(4, 80, 2)",0.0
13466,"(5, 80, 2)",0.0
13467,"(6, 80, 2)",0.0
13468,"(7, 80, 2)",0.0
13469,"(8, 80, 2)",0.0
13470,"(9, 80, 2)",0.0
13471,"(10, 80, 2)",0.0
13472,"(11, 80, 2)",0.0
13473,"(12, 80, 2)",0.0
13474,"(13, 80, 2)",0.0
13475,"(14, 80, 2)",0.0
13476,"(15, 80, 2)",0.0
13477,"(16, 80, 2)",0.0
13478,"(17, 80, 2)",0.0
13479,"(18, 80, 2)",0.0
13480,"(19, 80, 2)",0.0
13481,"(20, 80, 2)",0.0
13482,"(0, 80, 3)",0.0
13483,"(1, 80, 3)",0.0
13484,"(2, 80, 3)",0.0
13485,"(3, 80, 3)",0.0
13486,"(4, 80, 3)",0.0
13487,"(5, 80, 3)",0.0
13488,"(6, 80, 3)",0.0
13489,"(7, 80, 3)",0.0
13490,"(8, 80, 3)",0.0
13491,"(9, 80, 3)",0.0
13492,"(10, 80, 3)",0.0
13493,"(11, 80, 3)",0.0
13494,"(12, 80, 3)",0.0
13495,"(13, 80, 3)",0.0
13496,"(14, 80, 3)",0.0
13497,"(15, 80, 3)",0.0
13498,"(16, 80, 3)",0.0
13499,"(17, 80, 3)",0.0
13500,"(18, 80, 3)",0.0
13501,"(19, 80, 3)",0.0
13502,"(20, 80, 3)",0.0
13503,"(0, 80, 4)",0.0
13504,"(1, 80, 4)",0.0
13505,"(2, 80, 4)",0.0
13506,"(3, 80, 4)",0.0
13507,"(4, 80, 4)",0.0
13508,"(5, 80, 4)",0.0
13509,"(6, 80, 4)",0.0
13510,"(7, 80, 4)",0.0
13511,"(8, 80, 4)",0.0
13512,"(9, 80, 4)",0.0
13513,"(10, 80, 4)",0.0
13514,"(11, 80, 4)",0.0
13515,"(12, 80, 4)",0.0
13516,"(13, 80, 4)",0.0
13517,"(14, 80, 4)",0.0
13518,"(15, 80, 4)",0.0
13519,"(16, 80, 4)",0.0
13520,"(17, 80, 4)",0.0
13521,"(18, 80, 4)",0.0
13522,"(19, 80, 4)",0.0
13523,"(20, 80, 4)",0.0
13524,"(0, 80, 5)",0.0
13525,"(1, 80, 5)",0.0
13526,"(2, 80, 5)",0.0
13527,"(3, 80, 5)",0.0
13528,"(4, 80, 5)",0.0
13529,"(5, 80, 5)",0.0
13530,"(6, 80, 5)",0.0
13531,"(7, 80, 5)",0.0
13532,"(8, 80, 5)",0.0
13533,"(9, 80, 5)",0.0
13534,"(10, 80, 5)",0.0
13535,"(11, 80, 5)",0.0
13536,"(12, 80, 5)",0.0
13537,"(13, 80, 5)",0.0
13538,"(14, 80, 5)",0.0
13539,"(15, 80, 5)",0.0
13540,"(16, 80, 5)",0.0
13541,"(17, 80, 5)",0.0
13542,"(18, 80, 5)",0.0
13543,"(19, 80, 5)",0.0
13544,"(20, 80, 5)",0.0
13545,"(0, 80, 6)",0.0
13546,"(1, 80, 6)",0.0
13547,"(2, 80, 6)",0.0
13548,"(3, 80, 6)",0.0
13549,"(4, 80, 6)",0.0
13550,"(5, 80, 6)",0.0
13551,"(6, 80, 6)",0.0
13552,"(7, 80, 6)",0.0
13553,"(8, 80, 6)",0.0
13554,"(9, 80, 6)",0.0
13555,"(10, 80, 6)",0.0
13556,"(11, 80, 6)",0.0
13557,"(12, 80, 6)",0.0
13558,"(13, 80, 6)",0.0
13559,"(14, 80, 6)",0.0
13560,"(15, 80, 6)",0.0
13561,"(16, 80, 6)",0.0
13562,"(17, 80, 6)",0.0
13563,"(18, 80, 6)",0.0
13564,"(19, 80, 6)",0.0
13565,"(20, 80, 6)",0.0
13566,"(0, 80, 7)",0.0
13567,"(1, 80, 7)",0.0
13568,"(2, 80, 7)",0.0
13569,"(3, 80, 7)",0.0
13570,"(4, 80, 7)",0.0
13571,"(5, 80, 7)",0.0
13572,"(6, 80, 7)",0.0
13573,"(7, 80, 7)",0.0
13574,"(8, 80, 7)",0.0
13575,"(9, 80, 7)",0.0
13576,"(10, 80, 7)",0.0
13577,"(11, 80, 7)",0.0
13578,"(12, 80, 7)",0.0
13579,"(13, 80, 7)",0.0
13580,"(14, 80, 7)",0.0
13581,"(15, 80, 7)",0.0
13582,"(16, 80, 7)",0.0
13583,"(17, 80, 7)",0.0
13584,"(18, 80, 7)",0.0
13585,"(19, 80, 7)",0.0
13586,"(20, 80, 7)",0.0
13587,"(0, 80, 8)",0.0
13588,"(1, 80, 8)",0.0
13589,"(2, 80, 8)",0.0
13590,"(3, 80, 8)",0.0
13591,"(4, 80, 8)",0.0
13592,"(5, 80, 8)",0.0
13593,"(6, 80, 8)",0.0
13594,"(7, 80, 8)",0.0
13595,"(8, 80, 8)",0.0
13596,"(9, 80, 8)",0.0
13597,"(10, 80, 8)",0.0
13598,"(11, 80, 8)",0.0
13599,"(12, 80, 8)",0.0
13600,"(13, 80, 8)",0.0
13601,"(14, 80, 8)",0.0
13602,"(15, 80, 8)",0.0
13603,"(16, 80, 8)",0.0
13604,"(17, 80, 8)",0.0
13605,"(18, 80, 8)",0.0
13606,"(19, 80, 8)",0.0
13607,"(20, 80, 8)",0.0
13608,"(0, 81, 1)",0.0
13609,"(1, 81, 1)",0.0
13610,"(2, 81, 1)",0.0
13611,"(3, 81, 1)",0.0
13612,"(4, 81, 1)",0.0
13613,"(5, 81, 1)",0.0
13614,"(6, 81, 1)",0.0
13615,"(7, 81, 1)",0.0
13616,"(8, 81, 1)",0.0
13617,"(9, 81, 1)",0.0
13618,"(10, 81, 1)",0.0
13619,"(11, 81, 1)",0.0
13620,"(12, 81, 1)",0.0
13621,"(13, 81, 1)",0.0
13622,"(14, 81, 1)",0.0
13623,"(15, 81, 1)",0.0
13624,"(16, 81, 1)",0.0
13625,"(17, 81, 1)",0.0
13626,"(18, 81, 1)",0.0
13627,"(19, 81, 1)",0.0
13628,"(20, 81, 1)",0.0
13629,"(0, 81, 2)",0.0
13630,"(1, 81, 2)",0.0
13631,"(2, 81, 2)",0.0
13632,"(3, 81, 2)",0.0
13633,"(4, 81, 2)",0.0
13634,"(5, 81, 2)",0.0
13635,"(6, 81, 2)",0.0
13636,"(7, 81, 2)",0.0
13637,"(8, 81, 2)",0.0
13638,"(9, 81, 2)",0.0
13639,"(10, 81, 2)",0.0
13640,"(11, 81, 2)",0.0
13641,"(12, 81, 2)",0.0
13642,"(13, 81, 2)",0.0
13643,"(14, 81, 2)",0.0
13644,"(15, 81, 2)",0.0
13645,"(16, 81, 2)",0.0
13646,"(17, 81, 2)",0.0
13647,"(18, 81, 2)",0.0
13648,"(19, 81, 2)",0.0
13649,"(20, 81, 2)",0.0
13650,"(0, 81, 3)",0.0
13651,"(1, 81, 3)",0.0
13652,"(2, 81, 3)",0.0
13653,"(3, 81, 3)",0.0
13654,"(4, 81, 3)",0.0
13655,"(5, 81, 3)",0.0
13656,"(6, 81, 3)",0.0
13657,"(7, 81, 3)",0.0
13658,"(8, 81, 3)",0.0
13659,"(9, 81, 3)",0.0
13660,"(10, 81, 3)",0.0
13661,"(11, 81, 3)",0.0
13662,"(12, 81, 3)",0.0
13663,"(13, 81, 3)",0.0
13664,"(14, 81, 3)",0.0
13665,"(15, 81, 3)",0.0
13666,"(16, 81, 3)",0.0
13667,"(17, 81, 3)",0.0
13668,"(18, 81, 3)",0.0
13669,"(19, 81, 3)",0.0
13670,"(20, 81, 3)",0.0
13671,"(0, 81, 4)",0.0
13672,"(1, 81, 4)",0.0
13673,"(2, 81, 4)",0.0
13674,"(3, 81, 4)",0.0
13675,"(4, 81, 4)",0.0
13676,"(5, 81, 4)",0.0
13677,"(6, 81, 4)",0.0
13678,"(7, 81, 4)",0.0
13679,"(8, 81, 4)",0.0
13680,"(9, 81, 4)",0.0
13681,"(10, 81, 4)",0.0
13682,"(11, 81, 4)",0.0
13683,"(12, 81, 4)",0.0
13684,"(13, 81, 4)",0.0
13685,"(14, 81, 4)",0.0
13686,"(15, 81, 4)",0.0
13687,"(16, 81, 4)",0.0
13688,"(17, 81, 4)",0.0
13689,"(18, 81, 4)",0.0
13690,"(19, 81, 4)",0.0
13691,"(20, 81, 4)",0.0
13692,"(0, 81, 5)",0.0
13693,"(1, 81, 5)",0.0
13694,"(2, 81, 5)",0.0
13695,"(3, 81, 5)",0.0
13696,"(4, 81, 5)",0.0
13697,"(5, 81, 5)",0.0
13698,"(6, 81, 5)",0.0
13699,"(7, 81, 5)",0.0
13700,"(8, 81, 5)",0.0
13701,"(9, 81, 5)",0.0
13702,"(10, 81, 5)",0.0
13703,"(11, 81, 5)",0.0
13704,"(12, 81, 5)",0.0
13705,"(13, 81, 5)",0.0
13706,"(14, 81, 5)",0.0
13707,"(15, 81, 5)",0.0
13708,"(16, 81, 5)",0.0
13709,"(17, 81, 5)",0.0
13710,"(18, 81, 5)",0.0
13711,"(19, 81, 5)",0.0
13712,"(20, 81, 5)",0.0
13713,"(0, 81, 6)",0.0
13714,"(1, 81, 6)",0.0
13715,"(2, 81, 6)",0.0
13716,"(3, 81, 6)",0.0
13717,"(4, 81, 6)",0.0
13718,"(5, 81, 6)",0.0
13719,"(6, 81, 6)",0.0
13720,"(7, 81, 6)",0.0
13721,"(8, 81, 6)",0.0
13722,"(9, 81, 6)",0.0
13723,"(10, 81, 6)",0.0
13724,"(11, 81, 6)",0.0
13725,"(12, 81, 6)",0.0
13726,"(13, 81, 6)",0.0
13727,"(14, 81, 6)",0.0
13728,"(15, 81, 6)",0.0
13729,"(16, 81, 6)",0.0
13730,"(17, 81, 6)",0.0
13731,"(18, 81, 6)",0.0
13732,"(19, 81, 6)",0.0
13733,"(20, 81, 6)",0.0
13734,"(0, 81, 7)",0.0
13735,"(1, 81, 7)",0.0
13736,"(2, 81, 7)",0.0
13737,"(3, 81, 7)",0.0
13738,"(4, 81, 7)",0.0
13739,"(5, 81, 7)",0.0
13740,"(6, 81, 7)",0.0
13741,"(7, 81, 7)",0.0
13742,"(8, 81, 7)",0.0
13743,"(9, 81, 7)",0.0
13744,"(10, 81, 7)",0.0
13745,"(11, 81, 7)",0.0
13746,"(12, 81, 7)",0.0
13747,"(13, 81, 7)",0.0
13748,"(14, 81, 7)",0.0
13749,"(15, 81, 7)",0.0
13750,"(16, 81, 7)",0.0
13751,"(17, 81, 7)",0.0
13752,"(18, 81, 7)",0.0
13753,"(19, 81, 7)",0.0
13754,"(20, 81, 7)",0.0
13755,"(0, 81, 8)",0.0
13756,"(1, 81, 8)",0.0
13757,"(2, 81, 8)",0.0
13758,"(3, 81, 8)",0.0
13759,"(4, 81, 8)",0.0
13760,"(5, 81, 8)",0.0
13761,"(6, 81, 8)",0.0
13762,"(7, 81, 8)",0.0
13763,"(8, 81, 8)",0.0
13764,"(9, 81, 8)",0.0
13765,"(10, 81, 8)",0.0
13766,"(11, 81, 8)",0.0
13767,"(12, 81, 8)",0.0
13768,"(13, 81, 8)",0.0
13769,"(14, 81, 8)",0.0
13770,"(15, 81, 8)",0.0
13771,"(16, 81, 8)",0.0
13772,"(17, 81, 8)",0.0
13773,"(18, 81, 8)",0.0
13774,"(19, 81, 8)",0.0
13775,"(20, 81, 8)",0.0
13776,"(0, 82, 1)",0.0
13777,"(1, 82, 1)",0.0
13778,"(2, 82, 1)",0.0
13779,"(3, 82, 1)",0.0
13780,"(4, 82, 1)",0.0
13781,"(5, 82, 1)",0.0
13782,"(6, 82, 1)",0.0
13783,"(7, 82, 1)",0.0
13784,"(8, 82, 1)",0.0
13785,"(9, 82, 1)",0.0
13786,"(10, 82, 1)",0.0
13787,"(11, 82, 1)",0.0
13788,"(12, 82, 1)",0.0
13789,"(13, 82, 1)",0.0
13790,"(14, 82, 1)",0.0
13791,"(15, 82, 1)",0.0
13792,"(16, 82, 1)",0.0
13793,"(17, 82, 1)",0.0
13794,"(18, 82, 1)",0.0
13795,"(19, 82, 1)",0.0
13796,"(20, 82, 1)",0.0
13797,"(0, 82, 2)",0.0
13798,"(1, 82, 2)",0.0
13799,"(2, 82, 2)",0.0
13800,"(3, 82, 2)",0.0
13801,"(4, 82, 2)",0.0
13802,"(5, 82, 2)",0.0
13803,"(6, 82, 2)",0.0
13804,"(7, 82, 2)",0.0
13805,"(8, 82, 2)",0.0
13806,"(9, 82, 2)",0.0
13807,"(10, 82, 2)",3.0
13808,"(11, 82, 2)",0.0
13809,"(12, 82, 2)",0.0
13810,"(13, 82, 2)",0.0
13811,"(14, 82, 2)",0.0
13812,"(15, 82, 2)",0.0
13813,"(16, 82, 2)",0.0
13814,"(17, 82, 2)",0.0
13815,"(18, 82, 2)",0.0
13816,"(19, 82, 2)",0.0
13817,"(20, 82, 2)",0.0
13818,"(0, 82, 3)",0.0
13819,"(1, 82, 3)",0.0
13820,"(2, 82, 3)",0.0
13821,"(3, 82, 3)",0.0
13822,"(4, 82, 3)",0.0
13823,"(5, 82, 3)",0.0
13824,"(6, 82, 3)",0.0
13825,"(7, 82, 3)",0.0
13826,"(8, 82, 3)",0.0
13827,"(9, 82, 3)",0.0
13828,"(10, 82, 3)",0.0
13829,"(11, 82, 3)",0.0
13830,"(12, 82, 3)",0.0
13831,"(13, 82, 3)",0.0
13832,"(14, 82, 3)",0.0
13833,"(15, 82, 3)",0.0
13834,"(16, 82, 3)",0.0
13835,"(17, 82, 3)",0.0
13836,"(18, 82, 3)",0.0
13837,"(19, 82, 3)",0.0
13838,"(20, 82, 3)",0.0
13839,"(0, 82, 4)",0.0
13840,"(1, 82, 4)",0.0
13841,"(2, 82, 4)",0.0
13842,"(3, 82, 4)",0.0
13843,"(4, 82, 4)",0.0
13844,"(5, 82, 4)",0.0
13845,"(6, 82, 4)",0.0
13846,"(7, 82, 4)",0.0
13847,"(8, 82, 4)",0.0
13848,"(9, 82, 4)",0.0
13849,"(10, 82, 4)",0.0
13850,"(11, 82, 4)",0.0
13851,"(12, 82, 4)",0.0
13852,"(13, 82, 4)",0.0
13853,"(14, 82, 4)",0.0
13854,"(15, 82, 4)",0.0
13855,"(16, 82, 4)",0.0
13856,"(17, 82, 4)",0.0
13857,"(18, 82, 4)",0.0
13858,"(19, 82, 4)",0.0
13859,"(20, 82, 4)",0.0
13860,"(0, 82, 5)",0.0
13861,"(1, 82, 5)",0.0
13862,"(2, 82, 5)",0.0
13863,"(3, 82, 5)",0.0
13864,"(4, 82, 5)",0.0
13865,"(5, 82, 5)",0.0
13866,"(6, 82, 5)",0.0
13867,"(7, 82, 5)",0.0
13868,"(8, 82, 5)",0.0
13869,"(9, 82, 5)",0.0
13870,"(10, 82, 5)",0.0
13871,"(11, 82, 5)",0.0
13872,"(12, 82, 5)",0.0
13873,"(13, 82, 5)",0.0
13874,"(14, 82, 5)",0.0
13875,"(15, 82, 5)",0.0
13876,"(16, 82, 5)",0.0
13877,"(17, 82, 5)",0.0
13878,"(18, 82, 5)",0.0
13879,"(19, 82, 5)",0.0
13880,"(20, 82, 5)",0.0
13881,"(0, 82, 6)",0.0
13882,"(1, 82, 6)",0.0
13883,"(2, 82, 6)",0.0
13884,"(3, 82, 6)",0.0
13885,"(4, 82, 6)",0.0
13886,"(5, 82, 6)",0.0
13887,"(6, 82, 6)",0.0
13888,"(7, 82, 6)",0.0
13889,"(8, 82, 6)",0.0
13890,"(9, 82, 6)",0.0
13891,"(10, 82, 6)",0.0
13892,"(11, 82, 6)",0.0
13893,"(12, 82, 6)",0.0
13894,"(13, 82, 6)",0.0
13895,"(14, 82, 6)",0.0
13896,"(15, 82, 6)",0.0
13897,"(16, 82, 6)",0.0
13898,"(17, 82, 6)",0.0
13899,"(18, 82, 6)",0.0
13900,"(19, 82, 6)",0.0
13901,"(20, 82, 6)",0.0
13902,"(0, 82, 7)",0.0
13903,"(1, 82, 7)",0.0
13904,"(2, 82, 7)",0.0
13905,"(3, 82, 7)",0.0
13906,"(4, 82, 7)",0.0
13907,"(5, 82, 7)",0.0
13908,"(6, 82, 7)",0.0
13909,"(7, 82, 7)",0.0
13910,"(8, 82, 7)",0.0
13911,"(9, 82, 7)",0.0
13912,"(10, 82, 7)",0.0
13913,"(11, 82, 7)",0.0
13914,"(12, 82, 7)",0.0
13915,"(13, 82, 7)",0.0
13916,"(14, 82, 7)",0.0
13917,"(15, 82, 7)",0.0
13918,"(16, 82, 7)",0.0
13919,"(17, 82, 7)",0.0
13920,"(18, 82, 7)",0.0
13921,"(19, 82, 7)",0.0
13922,"(20, 82, 7)",0.0
13923,"(0, 82, 8)",0.0
13924,"(1, 82, 8)",0.0
13925,"(2, 82, 8)",0.0
13926,"(3, 82, 8)",0.0
13927,"(4, 82, 8)",0.0
13928,"(5, 82, 8)",0.0
13929,"(6, 82, 8)",0.0
13930,"(7, 82, 8)",0.0
13931,"(8, 82, 8)",0.0
13932,"(9, 82, 8)",0.0
13933,"(10, 82, 8)",0.0
13934,"(11, 82, 8)",0.0
13935,"(12, 82, 8)",0.0
13936,"(13, 82, 8)",0.0
13937,"(14, 82, 8)",0.0
13938,"(15, 82, 8)",0.0
13939,"(16, 82, 8)",0.0
13940,"(17, 82, 8)",0.0
13941,"(18, 82, 8)",0.0
13942,"(19, 82, 8)",0.0
13943,"(20, 82, 8)",0.0
13944,"(0, 83, 1)",0.0
13945,"(1, 83, 1)",0.0
13946,"(2, 83, 1)",0.0
13947,"(3, 83, 1)",0.0
13948,"(4, 83, 1)",0.0
13949,"(5, 83, 1)",0.0
13950,"(6, 83, 1)",0.0
13951,"(7, 83, 1)",0.0
13952,"(8, 83, 1)",0.0
13953,"(9, 83, 1)",0.0
13954,"(10, 83, 1)",0.0
13955,"(11, 83, 1)",0.0
13956,"(12, 83, 1)",0.0
13957,"(13, 83, 1)",0.0
13958,"(14, 83, 1)",0.0
13959,"(15, 83, 1)",0.0
13960,"(16, 83, 1)",0.0
13961,"(17, 83, 1)",0.0
13962,"(18, 83, 1)",0.0
13963,"(19, 83, 1)",0.0
13964,"(20, 83, 1)",0.0
13965,"(0, 83, 2)",0.0
13966,"(1, 83, 2)",0.0
13967,"(2, 83, 2)",0.0
13968,"(3, 83, 2)",0.0
13969,"(4, 83, 2)",0.0
13970,"(5, 83, 2)",0.0
13971,"(6, 83, 2)",0.0
13972,"(7, 83, 2)",0.0
13973,"(8, 83, 2)",0.0
13974,"(9, 83, 2)",0.0
13975,"(10, 83, 2)",0.0
13976,"(11, 83, 2)",0.0
13977,"(12, 83, 2)",0.0
13978,"(13, 83, 2)",0.0
13979,"(14, 83, 2)",0.0
13980,"(15, 83, 2)",0.0
13981,"(16, 83, 2)",0.0
13982,"(17, 83, 2)",0.0
13983,"(18, 83, 2)",0.0
13984,"(19, 83, 2)",0.0
13985,"(20, 83, 2)",0.0
13986,"(0, 83, 3)",0.0
13987,"(1, 83, 3)",0.0
13988,"(2, 83, 3)",0.0
13989,"(3, 83, 3)",0.0
13990,"(4, 83, 3)",0.0
13991,"(5, 83, 3)",0.0
13992,"(6, 83, 3)",0.0
13993,"(7, 83, 3)",0.0
13994,"(8, 83, 3)",0.0
13995,"(9, 83, 3)",0.0
13996,"(10, 83, 3)",0.0
13997,"(11, 83, 3)",0.0
13998,"(12, 83, 3)",0.0
13999,"(13, 83, 3)",0.0
14000,"(14, 83, 3)",0.0
14001,"(15, 83, 3)",0.0
14002,"(16, 83, 3)",0.0
14003,"(17, 83, 3)",0.0
14004,"(18, 83, 3)",0.0
14005,"(19, 83, 3)",0.0
14006,"(20, 83, 3)",0.0
14007,"(0, 83, 4)",0.0
14008,"(1, 83, 4)",0.0
14009,"(2, 83, 4)",0.0
14010,"(3, 83, 4)",0.0
14011,"(4, 83, 4)",0.0
14012,"(5, 83, 4)",0.0
14013,"(6, 83, 4)",0.0
14014,"(7, 83, 4)",0.0
14015,"(8, 83, 4)",0.0
14016,"(9, 83, 4)",0.0
14017,"(10, 83, 4)",0.0
14018,"(11, 83, 4)",0.0
14019,"(12, 83, 4)",0.0
14020,"(13, 83, 4)",0.0
14021,"(14, 83, 4)",0.0
14022,"(15, 83, 4)",0.0
14023,"(16, 83, 4)",0.0
14024,"(17, 83, 4)",0.0
14025,"(18, 83, 4)",0.0
14026,"(19, 83, 4)",0.0
14027,"(20, 83, 4)",0.0
14028,"(0, 83, 5)",0.0
14029,"(1, 83, 5)",0.0
14030,"(2, 83, 5)",0.0
14031,"(3, 83, 5)",0.0
14032,"(4, 83, 5)",0.0
14033,"(5, 83, 5)",0.0
14034,"(6, 83, 5)",0.0
14035,"(7, 83, 5)",0.0
14036,"(8, 83, 5)",0.0
14037,"(9, 83, 5)",0.0
14038,"(10, 83, 5)",0.0
14039,"(11, 83, 5)",0.0
14040,"(12, 83, 5)",0.0
14041,"(13, 83, 5)",0.0
14042,"(14, 83, 5)",0.0
14043,"(15, 83, 5)",0.0
14044,"(16, 83, 5)",0.0
14045,"(17, 83, 5)",0.0
14046,"(18, 83, 5)",0.0
14047,"(19, 83, 5)",0.0
14048,"(20, 83, 5)",0.0
14049,"(0, 83, 6)",0.0
14050,"(1, 83, 6)",0.0
14051,"(2, 83, 6)",0.0
14052,"(3, 83, 6)",0.0
14053,"(4, 83, 6)",0.0
14054,"(5, 83, 6)",0.0
14055,"(6, 83, 6)",0.0
14056,"(7, 83, 6)",0.0
14057,"(8, 83, 6)",0.0
14058,"(9, 83, 6)",0.0
14059,"(10, 83, 6)",0.0
14060,"(11, 83, 6)",0.0
14061,"(12, 83, 6)",0.0
14062,"(13, 83, 6)",0.0
14063,"(14, 83, 6)",0.0
14064,"(15, 83, 6)",0.0
14065,"(16, 83, 6)",0.0
14066,"(17, 83, 6)",0.0
14067,"(18, 83, 6)",0.0
14068,"(19, 83, 6)",0.0
14069,"(20, 83, 6)",0.0
14070,"(0, 83, 7)",0.0
14071,"(1, 83, 7)",0.0
14072,"(2, 83, 7)",0.0
14073,"(3, 83, 7)",0.0
14074,"(4, 83, 7)",0.0
14075,"(5, 83, 7)",0.0
14076,"(6, 83, 7)",0.0
14077,"(7, 83, 7)",0.0
14078,"(8, 83, 7)",0.0
14079,"(9, 83, 7)",0.0
14080,"(10, 83, 7)",0.0
14081,"(11, 83, 7)",0.0
14082,"(12, 83, 7)",0.0
14083,"(13, 83, 7)",0.0
14084,"(14, 83, 7)",0.0
14085,"(15, 83, 7)",0.0
14086,"(16, 83, 7)",0.0
14087,"(17, 83, 7)",0.0
14088,"(18, 83, 7)",0.0
14089,"(19, 83, 7)",0.0
14090,"(20, 83, 7)",0.0
14091,"(0, 83, 8)",0.0
14092,"(1, 83, 8)",0.0
14093,"(2, 83, 8)",0.0
14094,"(3, 83, 8)",0.0
14095,"(4, 83, 8)",0.0
14096,"(5, 83, 8)",0.0
14097,"(6, 83, 8)",0.0
14098,"(7, 83, 8)",0.0
14099,"(8, 83, 8)",0.0
14100,"(9, 83, 8)",0.0
14101,"(10, 83, 8)",0.0
14102,"(11, 83, 8)",0.0
14103,"(12, 83, 8)",0.0
14104,"(13, 83, 8)",0.0
14105,"(14, 83, 8)",0.0
14106,"(15, 83, 8)",0.0
14107,"(16, 83, 8)",0.0
14108,"(17, 83, 8)",0.0
14109,"(18, 83, 8)",0.0
14110,"(19, 83, 8)",0.0
14111,"(20, 83, 8)",0.0
14112,"(0, 84, 1)",0.0
14113,"(1, 84, 1)",0.0
14114,"(2, 84, 1)",0.0
14115,"(3, 84, 1)",0.0
14116,"(4, 84, 1)",0.0
14117,"(5, 84, 1)",0.0
14118,"(6, 84, 1)",0.0
14119,"(7, 84, 1)",0.0
14120,"(8, 84, 1)",0.0
14121,"(9, 84, 1)",0.0
14122,"(10, 84, 1)",0.0
14123,"(11, 84, 1)",0.0
14124,"(12, 84, 1)",0.0
14125,"(13, 84, 1)",0.0
14126,"(14, 84, 1)",0.0
14127,"(15, 84, 1)",0.0
14128,"(16, 84, 1)",0.0
14129,"(17, 84, 1)",0.0
14130,"(18, 84, 1)",0.0
14131,"(19, 84, 1)",0.0
14132,"(20, 84, 1)",0.0
14133,"(0, 84, 2)",0.0
14134,"(1, 84, 2)",0.0
14135,"(2, 84, 2)",0.0
14136,"(3, 84, 2)",0.0
14137,"(4, 84, 2)",0.0
14138,"(5, 84, 2)",0.0
14139,"(6, 84, 2)",0.0
14140,"(7, 84, 2)",0.0
14141,"(8, 84, 2)",0.0
14142,"(9, 84, 2)",0.0
14143,"(10, 84, 2)",0.0
14144,"(11, 84, 2)",0.0
14145,"(12, 84, 2)",0.0
14146,"(13, 84, 2)",0.0
14147,"(14, 84, 2)",0.0
14148,"(15, 84, 2)",0.0
14149,"(16, 84, 2)",0.0
14150,"(17, 84, 2)",0.0
14151,"(18, 84, 2)",0.0
14152,"(19, 84, 2)",0.0
14153,"(20, 84, 2)",0.0
14154,"(0, 84, 3)",0.0
14155,"(1, 84, 3)",0.0
14156,"(2, 84, 3)",0.0
14157,"(3, 84, 3)",0.0
14158,"(4, 84, 3)",0.0
14159,"(5, 84, 3)",0.0
14160,"(6, 84, 3)",0.0
14161,"(7, 84, 3)",0.0
14162,"(8, 84, 3)",0.0
14163,"(9, 84, 3)",0.0
14164,"(10, 84, 3)",0.0
14165,"(11, 84, 3)",0.0
14166,"(12, 84, 3)",0.0
14167,"(13, 84, 3)",0.0
14168,"(14, 84, 3)",0.0
14169,"(15, 84, 3)",0.0
14170,"(16, 84, 3)",0.0
14171,"(17, 84, 3)",0.0
14172,"(18, 84, 3)",0.0
14173,"(19, 84, 3)",0.0
14174,"(20, 84, 3)",0.0
14175,"(0, 84, 4)",0.0
14176,"(1, 84, 4)",0.0
14177,"(2, 84, 4)",0.0
14178,"(3, 84, 4)",0.0
14179,"(4, 84, 4)",0.0
14180,"(5, 84, 4)",0.0
14181,"(6, 84, 4)",0.0
14182,"(7, 84, 4)",0.0
14183,"(8, 84, 4)",0.0
14184,"(9, 84, 4)",0.0
14185,"(10, 84, 4)",0.0
14186,"(11, 84, 4)",0.0
14187,"(12, 84, 4)",0.0
14188,"(13, 84, 4)",0.0
14189,"(14, 84, 4)",0.0
14190,"(15, 84, 4)",0.0
14191,"(16, 84, 4)",0.0
14192,"(17, 84, 4)",0.0
14193,"(18, 84, 4)",0.0
14194,"(19, 84, 4)",0.0
14195,"(20, 84, 4)",0.0
14196,"(0, 84, 5)",0.0
14197,"(1, 84, 5)",0.0
14198,"(2, 84, 5)",0.0
14199,"(3, 84, 5)",0.0
14200,"(4, 84, 5)",0.0
14201,"(5, 84, 5)",0.0
14202,"(6, 84, 5)",0.0
14203,"(7, 84, 5)",0.0
14204,"(8, 84, 5)",0.0
14205,"(9, 84, 5)",0.0
14206,"(10, 84, 5)",0.0
14207,"(11, 84, 5)",0.0
14208,"(12, 84, 5)",0.0
14209,"(13, 84, 5)",0.0
14210,"(14, 84, 5)",0.0
14211,"(15, 84, 5)",0.0
14212,"(16, 84, 5)",0.0
14213,"(17, 84, 5)",0.0
14214,"(18, 84, 5)",0.0
14215,"(19, 84, 5)",0.0
14216,"(20, 84, 5)",0.0
14217,"(0, 84, 6)",0.0
14218,"(1, 84, 6)",0.0
14219,"(2, 84, 6)",0.0
14220,"(3, 84, 6)",0.0
14221,"(4, 84, 6)",0.0
14222,"(5, 84, 6)",0.0
14223,"(6, 84, 6)",0.0
14224,"(7, 84, 6)",0.0
14225,"(8, 84, 6)",0.0
14226,"(9, 84, 6)",0.0
14227,"(10, 84, 6)",0.0
14228,"(11, 84, 6)",0.0
14229,"(12, 84, 6)",0.0
14230,"(13, 84, 6)",0.0
14231,"(14, 84, 6)",0.0
14232,"(15, 84, 6)",0.0
14233,"(16, 84, 6)",0.0
14234,"(17, 84, 6)",0.0
14235,"(18, 84, 6)",0.0
14236,"(19, 84, 6)",0.0
14237,"(20, 84, 6)",0.0
14238,"(0, 84, 7)",0.0
14239,"(1, 84, 7)",0.0
14240,"(2, 84, 7)",0.0
14241,"(3, 84, 7)",0.0
14242,"(4, 84, 7)",0.0
14243,"(5, 84, 7)",0.0
14244,"(6, 84, 7)",0.0
14245,"(7, 84, 7)",0.0
14246,"(8, 84, 7)",0.0
14247,"(9, 84, 7)",0.0
14248,"(10, 84, 7)",0.0
14249,"(11, 84, 7)",0.0
14250,"(12, 84, 7)",0.0
14251,"(13, 84, 7)",0.0
14252,"(14, 84, 7)",0.0
14253,"(15, 84, 7)",0.0
14254,"(16, 84, 7)",0.0
14255,"(17, 84, 7)",0.0
14256,"(18, 84, 7)",0.0
14257,"(19, 84, 7)",0.0
14258,"(20, 84, 7)",0.0
14259,"(0, 84, 8)",0.0
14260,"(1, 84, 8)",0.0
14261,"(2, 84, 8)",0.0
14262,"(3, 84, 8)",0.0
14263,"(4, 84, 8)",0.0
14264,"(5, 84, 8)",0.0
14265,"(6, 84, 8)",0.0
14266,"(7, 84, 8)",0.0
14267,"(8, 84, 8)",0.0
14268,"(9, 84, 8)",0.0
14269,"(10, 84, 8)",0.0
14270,"(11, 84, 8)",0.0
14271,"(12, 84, 8)",0.0
14272,"(13, 84, 8)",0.0
14273,"(14, 84, 8)",0.0
14274,"(15, 84, 8)",0.0
14275,"(16, 84, 8)",0.0
14276,"(17, 84, 8)",0.0
14277,"(18, 84, 8)",0.0
14278,"(19, 84, 8)",0.0
14279,"(20, 84, 8)",0.0
14280,"(0, 85, 1)",0.0
14281,"(1, 85, 1)",0.0
14282,"(2, 85, 1)",0.0
14283,"(3, 85, 1)",0.0
14284,"(4, 85, 1)",0.0
14285,"(5, 85, 1)",0.0
14286,"(6, 85, 1)",0.0
14287,"(7, 85, 1)",0.0
14288,"(8, 85, 1)",0.0
14289,"(9, 85, 1)",0.0
14290,"(10, 85, 1)",0.0
14291,"(11, 85, 1)",0.0
14292,"(12, 85, 1)",0.0
14293,"(13, 85, 1)",0.0
14294,"(14, 85, 1)",0.0
14295,"(15, 85, 1)",0.0
14296,"(16, 85, 1)",0.0
14297,"(17, 85, 1)",0.0
14298,"(18, 85, 1)",0.0
14299,"(19, 85, 1)",0.0
14300,"(20, 85, 1)",0.0
14301,"(0, 85, 2)",0.0
14302,"(1, 85, 2)",0.0
14303,"(2, 85, 2)",0.0
14304,"(3, 85, 2)",0.0
14305,"(4, 85, 2)",0.0
14306,"(5, 85, 2)",0.0
14307,"(6, 85, 2)",0.0
14308,"(7, 85, 2)",0.0
14309,"(8, 85, 2)",0.0
14310,"(9, 85, 2)",0.0
14311,"(10, 85, 2)",0.0
14312,"(11, 85, 2)",0.0
14313,"(12, 85, 2)",0.0
14314,"(13, 85, 2)",0.0
14315,"(14, 85, 2)",0.0
14316,"(15, 85, 2)",0.0
14317,"(16, 85, 2)",0.0
14318,"(17, 85, 2)",0.0
14319,"(18, 85, 2)",0.0
14320,"(19, 85, 2)",0.0
14321,"(20, 85, 2)",0.0
14322,"(0, 85, 3)",0.0
14323,"(1, 85, 3)",0.0
14324,"(2, 85, 3)",0.0
14325,"(3, 85, 3)",0.0
14326,"(4, 85, 3)",0.0
14327,"(5, 85, 3)",0.0
14328,"(6, 85, 3)",0.0
14329,"(7, 85, 3)",2.0
14330,"(8, 85, 3)",0.0
14331,"(9, 85, 3)",0.0
14332,"(10, 85, 3)",0.0
14333,"(11, 85, 3)",0.0
14334,"(12, 85, 3)",0.0
14335,"(13, 85, 3)",0.0
14336,"(14, 85, 3)",0.0
14337,"(15, 85, 3)",0.0
14338,"(16, 85, 3)",0.0
14339,"(17, 85, 3)",0.0
14340,"(18, 85, 3)",0.0
14341,"(19, 85, 3)",0.0
14342,"(20, 85, 3)",0.0
14343,"(0, 85, 4)",0.0
14344,"(1, 85, 4)",0.0
14345,"(2, 85, 4)",0.0
14346,"(3, 85, 4)",0.0
14347,"(4, 85, 4)",0.0
14348,"(5, 85, 4)",0.0
14349,"(6, 85, 4)",0.0
14350,"(7, 85, 4)",0.0
14351,"(8, 85, 4)",0.0
14352,"(9, 85, 4)",0.0
14353,"(10, 85, 4)",0.0
14354,"(11, 85, 4)",0.0
14355,"(12, 85, 4)",0.0
14356,"(13, 85, 4)",0.0
14357,"(14, 85, 4)",0.0
14358,"(15, 85, 4)",0.0
14359,"(16, 85, 4)",0.0
14360,"(17, 85, 4)",0.0
14361,"(18, 85, 4)",0.0
14362,"(19, 85, 4)",0.0
14363,"(20, 85, 4)",0.0
14364,"(0, 85, 5)",0.0
14365,"(1, 85, 5)",0.0
14366,"(2, 85, 5)",0.0
14367,"(3, 85, 5)",0.0
14368,"(4, 85, 5)",0.0
14369,"(5, 85, 5)",0.0
14370,"(6, 85, 5)",0.0
14371,"(7, 85, 5)",0.0
14372,"(8, 85, 5)",0.0
14373,"(9, 85, 5)",0.0
14374,"(10, 85, 5)",0.0
14375,"(11, 85, 5)",0.0
14376,"(12, 85, 5)",0.0
14377,"(13, 85, 5)",0.0
14378,"(14, 85, 5)",0.0
14379,"(15, 85, 5)",0.0
14380,"(16, 85, 5)",0.0
14381,"(17, 85, 5)",0.0
14382,"(18, 85, 5)",0.0
14383,"(19, 85, 5)",0.0
14384,"(20, 85, 5)",0.0
14385,"(0, 85, 6)",0.0
14386,"(1, 85, 6)",0.0
14387,"(2, 85, 6)",0.0
14388,"(3, 85, 6)",0.0
14389,"(4, 85, 6)",0.0
14390,"(5, 85, 6)",0.0
14391,"(6, 85, 6)",0.0
14392,"(7, 85, 6)",0.0
14393,"(8, 85, 6)",0.0
14394,"(9, 85, 6)",0.0
14395,"(10, 85, 6)",0.0
14396,"(11, 85, 6)",0.0
14397,"(12, 85, 6)",0.0
14398,"(13, 85, 6)",0.0
14399,"(14, 85, 6)",0.0
14400,"(15, 85, 6)",0.0
14401,"(16, 85, 6)",0.0
14402,"(17, 85, 6)",0.0
14403,"(18, 85, 6)",0.0
14404,"(19, 85, 6)",0.0
14405,"(20, 85, 6)",0.0
14406,"(0, 85, 7)",0.0
14407,"(1, 85, 7)",0.0
14408,"(2, 85, 7)",0.0
14409,"(3, 85, 7)",0.0
14410,"(4, 85, 7)",0.0
14411,"(5, 85, 7)",0.0
14412,"(6, 85, 7)",0.0
14413,"(7, 85, 7)",0.0
14414,"(8, 85, 7)",0.0
14415,"(9, 85, 7)",0.0
14416,"(10, 85, 7)",0.0
14417,"(11, 85, 7)",0.0
14418,"(12, 85, 7)",0.0
14419,"(13, 85, 7)",0.0
14420,"(14, 85, 7)",0.0
14421,"(15, 85, 7)",0.0
14422,"(16, 85, 7)",0.0
14423,"(17, 85, 7)",0.0
14424,"(18, 85, 7)",0.0
14425,"(19, 85, 7)",0.0
14426,"(20, 85, 7)",0.0
14427,"(0, 85, 8)",0.0
14428,"(1, 85, 8)",0.0
14429,"(2, 85, 8)",0.0
14430,"(3, 85, 8)",0.0
14431,"(4, 85, 8)",0.0
14432,"(5, 85, 8)",0.0
14433,"(6, 85, 8)",0.0
14434,"(7, 85, 8)",0.0
14435,"(8, 85, 8)",0.0
14436,"(9, 85, 8)",0.0
14437,"(10, 85, 8)",0.0
14438,"(11, 85, 8)",0.0
14439,"(12, 85, 8)",0.0
14440,"(13, 85, 8)",0.0
14441,"(14, 85, 8)",0.0
14442,"(15, 85, 8)",0.0
14443,"(16, 85, 8)",0.0
14444,"(17, 85, 8)",0.0
14445,"(18, 85, 8)",0.0
14446,"(19, 85, 8)",0.0
14447,"(20, 85, 8)",0.0
14448,"(0, 86, 1)",0.0
14449,"(1, 86, 1)",0.0
14450,"(2, 86, 1)",0.0
14451,"(3, 86, 1)",0.0
14452,"(4, 86, 1)",0.0
14453,"(5, 86, 1)",0.0
14454,"(6, 86, 1)",0.0
14455,"(7, 86, 1)",0.0
14456,"(8, 86, 1)",0.0
14457,"(9, 86, 1)",0.0
14458,"(10, 86, 1)",0.0
14459,"(11, 86, 1)",0.0
14460,"(12, 86, 1)",0.0
14461,"(13, 86, 1)",0.0
14462,"(14, 86, 1)",0.0
14463,"(15, 86, 1)",0.0
14464,"(16, 86, 1)",0.0
14465,"(17, 86, 1)",0.0
14466,"(18, 86, 1)",0.0
14467,"(19, 86, 1)",0.0
14468,"(20, 86, 1)",0.0
14469,"(0, 86, 2)",0.0
14470,"(1, 86, 2)",0.0
14471,"(2, 86, 2)",0.0
14472,"(3, 86, 2)",0.0
14473,"(4, 86, 2)",0.0
14474,"(5, 86, 2)",0.0
14475,"(6, 86, 2)",0.0
14476,"(7, 86, 2)",4.0
14477,"(8, 86, 2)",0.0
14478,"(9, 86, 2)",0.0
14479,"(10, 86, 2)",0.0
14480,"(11, 86, 2)",0.0
14481,"(12, 86, 2)",0.0
14482,"(13, 86, 2)",0.0
14483,"(14, 86, 2)",0.0
14484,"(15, 86, 2)",0.0
14485,"(16, 86, 2)",0.0
14486,"(17, 86, 2)",0.0
14487,"(18, 86, 2)",0.0
14488,"(19, 86, 2)",0.0
14489,"(20, 86, 2)",0.0
14490,"(0, 86, 3)",0.0
14491,"(1, 86, 3)",0.0
14492,"(2, 86, 3)",0.0
14493,"(3, 86, 3)",0.0
14494,"(4, 86, 3)",0.0
14495,"(5, 86, 3)",0.0
14496,"(6, 86, 3)",0.0
14497,"(7, 86, 3)",0.0
14498,"(8, 86, 3)",0.0
14499,"(9, 86, 3)",0.0
14500,"(10, 86, 3)",0.0
14501,"(11, 86, 3)",7.0
14502,"(12, 86, 3)",0.0
14503,"(13, 86, 3)",0.0
14504,"(14, 86, 3)",0.0
14505,"(15, 86, 3)",0.0
14506,"(16, 86, 3)",0.0
14507,"(17, 86, 3)",0.0
14508,"(18, 86, 3)",0.0
14509,"(19, 86, 3)",0.0
14510,"(20, 86, 3)",0.0
14511,"(0, 86, 4)",0.0
14512,"(1, 86, 4)",0.0
14513,"(2, 86, 4)",0.0
14514,"(3, 86, 4)",0.0
14515,"(4, 86, 4)",0.0
14516,"(5, 86, 4)",0.0
14517,"(6, 86, 4)",0.0
14518,"(7, 86, 4)",0.0
14519,"(8, 86, 4)",0.0
14520,"(9, 86, 4)",0.0
14521,"(10, 86, 4)",0.0
14522,"(11, 86, 4)",0.0
14523,"(12, 86, 4)",0.0
14524,"(13, 86, 4)",0.0
14525,"(14, 86, 4)",0.0
14526,"(15, 86, 4)",0.0
14527,"(16, 86, 4)",0.0
14528,"(17, 86, 4)",0.0
14529,"(18, 86, 4)",0.0
14530,"(19, 86, 4)",0.0
14531,"(20, 86, 4)",0.0
14532,"(0, 86, 5)",0.0
14533,"(1, 86, 5)",0.0
14534,"(2, 86, 5)",0.0
14535,"(3, 86, 5)",0.0
14536,"(4, 86, 5)",0.0
14537,"(5, 86, 5)",0.0
14538,"(6, 86, 5)",0.0
14539,"(7, 86, 5)",0.0
14540,"(8, 86, 5)",0.0
14541,"(9, 86, 5)",0.0
14542,"(10, 86, 5)",0.0
14543,"(11, 86, 5)",0.0
14544,"(12, 86, 5)",0.0
14545,"(13, 86, 5)",0.0
14546,"(14, 86, 5)",0.0
14547,"(15, 86, 5)",0.0
14548,"(16, 86, 5)",0.0
14549,"(17, 86, 5)",0.0
14550,"(18, 86, 5)",0.0
14551,"(19, 86, 5)",0.0
14552,"(20, 86, 5)",0.0
14553,"(0, 86, 6)",0.0
14554,"(1, 86, 6)",0.0
14555,"(2, 86, 6)",0.0
14556,"(3, 86, 6)",0.0
14557,"(4, 86, 6)",0.0
14558,"(5, 86, 6)",0.0
14559,"(6, 86, 6)",0.0
14560,"(7, 86, 6)",0.0
14561,"(8, 86, 6)",0.0
14562,"(9, 86, 6)",0.0
14563,"(10, 86, 6)",0.0
14564,"(11, 86, 6)",0.0
14565,"(12, 86, 6)",0.0
14566,"(13, 86, 6)",0.0
14567,"(14, 86, 6)",0.0
14568,"(15, 86, 6)",0.0
14569,"(16, 86, 6)",0.0
14570,"(17, 86, 6)",0.0
14571,"(18, 86, 6)",0.0
14572,"(19, 86, 6)",0.0
14573,"(20, 86, 6)",0.0
14574,"(0, 86, 7)",0.0
14575,"(1, 86, 7)",0.0
14576,"(2, 86, 7)",0.0
14577,"(3, 86, 7)",0.0
14578,"(4, 86, 7)",0.0
14579,"(5, 86, 7)",0.0
14580,"(6, 86, 7)",0.0
14581,"(7, 86, 7)",0.0
14582,"(8, 86, 7)",0.0
14583,"(9, 86, 7)",0.0
14584,"(10, 86, 7)",0.0
14585,"(11, 86, 7)",0.0
14586,"(12, 86, 7)",0.0
14587,"(13, 86, 7)",0.0
14588,"(14, 86, 7)",0.0
14589,"(15, 86, 7)",0.0
14590,"(16, 86, 7)",0.0
14591,"(17, 86, 7)",0.0
14592,"(18, 86, 7)",0.0
14593,"(19, 86, 7)",0.0
14594,"(20, 86, 7)",0.0
14595,"(0, 86, 8)",0.0
14596,"(1, 86, 8)",0.0
14597,"(2, 86, 8)",0.0
14598,"(3, 86, 8)",0.0
14599,"(4, 86, 8)",0.0
14600,"(5, 86, 8)",0.0
14601,"(6, 86, 8)",0.0
14602,"(7, 86, 8)",0.0
14603,"(8, 86, 8)",0.0
14604,"(9, 86, 8)",0.0
14605,"(10, 86, 8)",0.0
14606,"(11, 86, 8)",0.0
14607,"(12, 86, 8)",0.0
14608,"(13, 86, 8)",0.0
14609,"(14, 86, 8)",0.0
14610,"(15, 86, 8)",0.0
14611,"(16, 86, 8)",0.0
14612,"(17, 86, 8)",0.0
14613,"(18, 86, 8)",0.0
14614,"(19, 86, 8)",0.0
14615,"(20, 86, 8)",0.0
14616,"(0, 87, 1)",0.0
14617,"(1, 87, 1)",0.0
14618,"(2, 87, 1)",0.0
14619,"(3, 87, 1)",0.0
14620,"(4, 87, 1)",0.0
14621,"(5, 87, 1)",0.0
14622,"(6, 87, 1)",0.0
14623,"(7, 87, 1)",0.0
14624,"(8, 87, 1)",0.0
14625,"(9, 87, 1)",0.0
14626,"(10, 87, 1)",0.0
14627,"(11, 87, 1)",0.0
14628,"(12, 87, 1)",0.0
14629,"(13, 87, 1)",0.0
14630,"(14, 87, 1)",0.0
14631,"(15, 87, 1)",0.0
14632,"(16, 87, 1)",0.0
14633,"(17, 87, 1)",0.0
14634,"(18, 87, 1)",0.0
14635,"(19, 87, 1)",0.0
14636,"(20, 87, 1)",0.0
14637,"(0, 87, 2)",0.0
14638,"(1, 87, 2)",0.0
14639,"(2, 87, 2)",0.0
14640,"(3, 87, 2)",0.0
14641,"(4, 87, 2)",0.0
14642,"(5, 87, 2)",7.0
14643,"(6, 87, 2)",0.0
14644,"(7, 87, 2)",0.0
14645,"(8, 87, 2)",0.0
14646,"(9, 87, 2)",0.0
14647,"(10, 87, 2)",0.0
14648,"(11, 87, 2)",0.0
14649,"(12, 87, 2)",0.0
14650,"(13, 87, 2)",0.0
14651,"(14, 87, 2)",0.0
14652,"(15, 87, 2)",0.0
14653,"(16, 87, 2)",0.0
14654,"(17, 87, 2)",0.0
14655,"(18, 87, 2)",0.0
14656,"(19, 87, 2)",0.0
14657,"(20, 87, 2)",0.0
14658,"(0, 87, 3)",0.0
14659,"(1, 87, 3)",0.0
14660,"(2, 87, 3)",0.0
14661,"(3, 87, 3)",0.0
14662,"(4, 87, 3)",-2.6645352591003757e-15
14663,"(5, 87, 3)",0.0
14664,"(6, 87, 3)",4.0
14665,"(7, 87, 3)",0.0
14666,"(8, 87, 3)",0.0
14667,"(9, 87, 3)",0.0
14668,"(10, 87, 3)",0.0
14669,"(11, 87, 3)",0.0
14670,"(12, 87, 3)",0.0
14671,"(13, 87, 3)",0.0
14672,"(14, 87, 3)",0.0
14673,"(15, 87, 3)",0.0
14674,"(16, 87, 3)",0.0
14675,"(17, 87, 3)",0.0
14676,"(18, 87, 3)",9.0
14677,"(19, 87, 3)",0.0
14678,"(20, 87, 3)",9.0
14679,"(0, 87, 4)",0.0
14680,"(1, 87, 4)",0.0
14681,"(2, 87, 4)",0.0
14682,"(3, 87, 4)",0.0
14683,"(4, 87, 4)",0.0
14684,"(5, 87, 4)",0.0
14685,"(6, 87, 4)",0.0
14686,"(7, 87, 4)",0.0
14687,"(8, 87, 4)",0.0
14688,"(9, 87, 4)",0.0
14689,"(10, 87, 4)",0.0
14690,"(11, 87, 4)",0.0
14691,"(12, 87, 4)",0.0
14692,"(13, 87, 4)",0.0
14693,"(14, 87, 4)",0.0
14694,"(15, 87, 4)",0.0
14695,"(16, 87, 4)",0.0
14696,"(17, 87, 4)",0.0
14697,"(18, 87, 4)",0.0
14698,"(19, 87, 4)",0.0
14699,"(20, 87, 4)",0.0
14700,"(0, 87, 5)",0.0
14701,"(1, 87, 5)",0.0
14702,"(2, 87, 5)",0.0
14703,"(3, 87, 5)",0.0
14704,"(4, 87, 5)",0.0
14705,"(5, 87, 5)",7.0
14706,"(6, 87, 5)",0.0
14707,"(7, 87, 5)",0.0
14708,"(8, 87, 5)",0.0
14709,"(9, 87, 5)",0.0
14710,"(10, 87, 5)",0.0
14711,"(11, 87, 5)",0.0
14712,"(12, 87, 5)",0.0
14713,"(13, 87, 5)",0.0
14714,"(14, 87, 5)",0.0
14715,"(15, 87, 5)",0.0
14716,"(16, 87, 5)",0.0
14717,"(17, 87, 5)",0.0
14718,"(18, 87, 5)",9.0
14719,"(19, 87, 5)",0.0
14720,"(20, 87, 5)",0.0
14721,"(0, 87, 6)",0.0
14722,"(1, 87, 6)",0.0
14723,"(2, 87, 6)",0.0
14724,"(3, 87, 6)",0.0
14725,"(4, 87, 6)",0.0
14726,"(5, 87, 6)",0.0
14727,"(6, 87, 6)",0.0
14728,"(7, 87, 6)",0.0
14729,"(8, 87, 6)",0.0
14730,"(9, 87, 6)",0.0
14731,"(10, 87, 6)",0.0
14732,"(11, 87, 6)",0.0
14733,"(12, 87, 6)",0.0
14734,"(13, 87, 6)",0.0
14735,"(14, 87, 6)",0.0
14736,"(15, 87, 6)",0.0
14737,"(16, 87, 6)",0.0
14738,"(17, 87, 6)",0.0
14739,"(18, 87, 6)",0.0
14740,"(19, 87, 6)",9.0
14741,"(20, 87, 6)",0.0
14742,"(0, 87, 7)",0.0
14743,"(1, 87, 7)",0.0
14744,"(2, 87, 7)",0.0
14745,"(3, 87, 7)",0.0
14746,"(4, 87, 7)",0.0
14747,"(5, 87, 7)",0.0
14748,"(6, 87, 7)",0.0
14749,"(7, 87, 7)",0.0
14750,"(8, 87, 7)",0.0
14751,"(9, 87, 7)",0.0
14752,"(10, 87, 7)",0.0
14753,"(11, 87, 7)",0.0
14754,"(12, 87, 7)",0.0
14755,"(13, 87, 7)",0.0
14756,"(14, 87, 7)",0.0
14757,"(15, 87, 7)",0.0
14758,"(16, 87, 7)",0.0
14759,"(17, 87, 7)",0.0
14760,"(18, 87, 7)",0.0
14761,"(19, 87, 7)",0.0
14762,"(20, 87, 7)",0.0
14763,"(0, 87, 8)",0.0
14764,"(1, 87, 8)",0.0
14765,"(2, 87, 8)",0.0
14766,"(3, 87, 8)",0.0
14767,"(4, 87, 8)",0.0
14768,"(5, 87, 8)",0.0
14769,"(6, 87, 8)",0.0
14770,"(7, 87, 8)",0.0
14771,"(8, 87, 8)",0.0
14772,"(9, 87, 8)",0.0
14773,"(10, 87, 8)",0.0
14774,"(11, 87, 8)",0.0
14775,"(12, 87, 8)",0.0
14776,"(13, 87, 8)",0.0
14777,"(14, 87, 8)",0.0
14778,"(15, 87, 8)",0.0
14779,"(16, 87, 8)",0.0
14780,"(17, 87, 8)",0.0
14781,"(18, 87, 8)",0.0
14782,"(19, 87, 8)",0.0
14783,"(20, 87, 8)",0.0
14784,"(0, 88, 1)",0.0
14785,"(1, 88, 1)",0.0
14786,"(2, 88, 1)",0.0
14787,"(3, 88, 1)",0.0
14788,"(4, 88, 1)",0.0
14789,"(5, 88, 1)",0.0
14790,"(6, 88, 1)",0.0
14791,"(7, 88, 1)",0.0
14792,"(8, 88, 1)",0.0
14793,"(9, 88, 1)",0.0
14794,"(10, 88, 1)",0.0
14795,"(11, 88, 1)",0.0
14796,"(12, 88, 1)",0.0
14797,"(13, 88, 1)",0.0
14798,"(14, 88, 1)",0.0
14799,"(15, 88, 1)",0.0
14800,"(16, 88, 1)",0.0
14801,"(17, 88, 1)",0.0
14802,"(18, 88, 1)",0.0
14803,"(19, 88, 1)",0.0
14804,"(20, 88, 1)",0.0
14805,"(0, 88, 2)",0.0
14806,"(1, 88, 2)",0.0
14807,"(2, 88, 2)",0.0
14808,"(3, 88, 2)",0.0
14809,"(4, 88, 2)",0.0
14810,"(5, 88, 2)",0.0
14811,"(6, 88, 2)",4.0
14812,"(7, 88, 2)",0.0
14813,"(8, 88, 2)",0.0
14814,"(9, 88, 2)",0.0
14815,"(10, 88, 2)",0.0
14816,"(11, 88, 2)",0.0
14817,"(12, 88, 2)",0.0
14818,"(13, 88, 2)",0.0
14819,"(14, 88, 2)",0.0
14820,"(15, 88, 2)",0.0
14821,"(16, 88, 2)",0.0
14822,"(17, 88, 2)",0.0
14823,"(18, 88, 2)",0.0
14824,"(19, 88, 2)",9.0
14825,"(20, 88, 2)",0.0
14826,"(0, 88, 3)",0.0
14827,"(1, 88, 3)",0.0
14828,"(2, 88, 3)",0.0
14829,"(3, 88, 3)",0.0
14830,"(4, 88, 3)",0.0
14831,"(5, 88, 3)",0.0
14832,"(6, 88, 3)",0.0
14833,"(7, 88, 3)",0.0
14834,"(8, 88, 3)",0.0
14835,"(9, 88, 3)",0.0
14836,"(10, 88, 3)",0.0
14837,"(11, 88, 3)",0.0
14838,"(12, 88, 3)",0.0
14839,"(13, 88, 3)",0.0
14840,"(14, 88, 3)",0.0
14841,"(15, 88, 3)",0.0
14842,"(16, 88, 3)",0.0
14843,"(17, 88, 3)",0.0
14844,"(18, 88, 3)",0.0
14845,"(19, 88, 3)",0.0
14846,"(20, 88, 3)",0.0
14847,"(0, 88, 4)",0.0
14848,"(1, 88, 4)",0.0
14849,"(2, 88, 4)",0.0
14850,"(3, 88, 4)",0.0
14851,"(4, 88, 4)",1.9999999999999987
14852,"(5, 88, 4)",0.0
14853,"(6, 88, 4)",0.0
14854,"(7, 88, 4)",0.0
14855,"(8, 88, 4)",0.0
14856,"(9, 88, 4)",0.0
14857,"(10, 88, 4)",0.0
14858,"(11, 88, 4)",0.0
14859,"(12, 88, 4)",0.0
14860,"(13, 88, 4)",0.0
14861,"(14, 88, 4)",0.0
14862,"(15, 88, 4)",0.0
14863,"(16, 88, 4)",0.0
14864,"(17, 88, 4)",0.0
14865,"(18, 88, 4)",0.0
14866,"(19, 88, 4)",0.0
14867,"(20, 88, 4)",9.0
14868,"(0, 88, 5)",0.0
14869,"(1, 88, 5)",0.0
14870,"(2, 88, 5)",0.0
14871,"(3, 88, 5)",0.0
14872,"(4, 88, 5)",0.0
14873,"(5, 88, 5)",0.0
14874,"(6, 88, 5)",0.0
14875,"(7, 88, 5)",0.0
14876,"(8, 88, 5)",0.0
14877,"(9, 88, 5)",0.0
14878,"(10, 88, 5)",0.0
14879,"(11, 88, 5)",0.0
14880,"(12, 88, 5)",0.0
14881,"(13, 88, 5)",0.0
14882,"(14, 88, 5)",0.0
14883,"(15, 88, 5)",0.0
14884,"(16, 88, 5)",0.0
14885,"(17, 88, 5)",0.0
14886,"(18, 88, 5)",0.0
14887,"(19, 88, 5)",0.0
14888,"(20, 88, 5)",8.0
14889,"(0, 88, 6)",0.0
14890,"(1, 88, 6)",0.0
14891,"(2, 88, 6)",0.0
14892,"(3, 88, 6)",0.0
14893,"(4, 88, 6)",0.0
14894,"(5, 88, 6)",0.0
14895,"(6, 88, 6)",0.0
14896,"(7, 88, 6)",0.0
14897,"(8, 88, 6)",0.0
14898,"(9, 88, 6)",0.0
14899,"(10, 88, 6)",0.0
14900,"(11, 88, 6)",0.0
14901,"(12, 88, 6)",0.0
14902,"(13, 88, 6)",0.0
14903,"(14, 88, 6)",0.0
14904,"(15, 88, 6)",0.0
14905,"(16, 88, 6)",0.0
14906,"(17, 88, 6)",0.0
14907,"(18, 88, 6)",8.0
14908,"(19, 88, 6)",0.0
14909,"(20, 88, 6)",0.0
14910,"(0, 88, 7)",0.0
14911,"(1, 88, 7)",0.0
14912,"(2, 88, 7)",0.0
14913,"(3, 88, 7)",0.0
14914,"(4, 88, 7)",0.0
14915,"(5, 88, 7)",0.0
14916,"(6, 88, 7)",0.0
14917,"(7, 88, 7)",0.0
14918,"(8, 88, 7)",0.0
14919,"(9, 88, 7)",0.0
14920,"(10, 88, 7)",0.0
14921,"(11, 88, 7)",0.0
14922,"(12, 88, 7)",0.0
14923,"(13, 88, 7)",0.0
14924,"(14, 88, 7)",0.0
14925,"(15, 88, 7)",0.0
14926,"(16, 88, 7)",0.0
14927,"(17, 88, 7)",0.0
14928,"(18, 88, 7)",0.0
14929,"(19, 88, 7)",0.0
14930,"(20, 88, 7)",0.0
14931,"(0, 88, 8)",0.0
14932,"(1, 88, 8)",0.0
14933,"(2, 88, 8)",0.0
14934,"(3, 88, 8)",0.0
14935,"(4, 88, 8)",0.0
14936,"(5, 88, 8)",0.0
14937,"(6, 88, 8)",0.0
14938,"(7, 88, 8)",0.0
14939,"(8, 88, 8)",0.0
14940,"(9, 88, 8)",0.0
14941,"(10, 88, 8)",0.0
14942,"(11, 88, 8)",0.0
14943,"(12, 88, 8)",0.0
14944,"(13, 88, 8)",0.0
14945,"(14, 88, 8)",0.0
14946,"(15, 88, 8)",0.0
14947,"(16, 88, 8)",0.0
14948,"(17, 88, 8)",0.0
14949,"(18, 88, 8)",0.0
14950,"(19, 88, 8)",0.0
14951,"(20, 88, 8)",0.0
14952,"(0, 89, 1)",0.0
14953,"(1, 89, 1)",0.0
14954,"(2, 89, 1)",0.0
14955,"(3, 89, 1)",0.0
14956,"(4, 89, 1)",0.0
14957,"(5, 89, 1)",0.0
14958,"(6, 89, 1)",0.0
14959,"(7, 89, 1)",0.0
14960,"(8, 89, 1)",0.0
14961,"(9, 89, 1)",0.0
14962,"(10, 89, 1)",0.0
14963,"(11, 89, 1)",0.0
14964,"(12, 89, 1)",0.0
14965,"(13, 89, 1)",0.0
14966,"(14, 89, 1)",0.0
14967,"(15, 89, 1)",0.0
14968,"(16, 89, 1)",0.0
14969,"(17, 89, 1)",0.0
14970,"(18, 89, 1)",0.0
14971,"(19, 89, 1)",0.0
14972,"(20, 89, 1)",0.0
14973,"(0, 89, 2)",0.0
14974,"(1, 89, 2)",0.0
14975,"(2, 89, 2)",0.0
14976,"(3, 89, 2)",0.0
14977,"(4, 89, 2)",0.0
14978,"(5, 89, 2)",0.0
14979,"(6, 89, 2)",0.0
14980,"(7, 89, 2)",0.0
14981,"(8, 89, 2)",0.0
14982,"(9, 89, 2)",0.0
14983,"(10, 89, 2)",0.0
14984,"(11, 89, 2)",0.0
14985,"(12, 89, 2)",0.0
14986,"(13, 89, 2)",0.0
14987,"(14, 89, 2)",0.0
14988,"(15, 89, 2)",0.0
14989,"(16, 89, 2)",0.0
14990,"(17, 89, 2)",0.0
14991,"(18, 89, 2)",9.0
14992,"(19, 89, 2)",0.0
14993,"(20, 89, 2)",9.0
14994,"(0, 89, 3)",0.0
14995,"(1, 89, 3)",0.0
14996,"(2, 89, 3)",0.0
14997,"(3, 89, 3)",0.0
14998,"(4, 89, 3)",0.0
14999,"(5, 89, 3)",7.0
15000,"(6, 89, 3)",0.0
15001,"(7, 89, 3)",0.0
15002,"(8, 89, 3)",0.0
15003,"(9, 89, 3)",0.0
15004,"(10, 89, 3)",0.0
15005,"(11, 89, 3)",0.0
15006,"(12, 89, 3)",0.0
15007,"(13, 89, 3)",0.0
15008,"(14, 89, 3)",0.0
15009,"(15, 89, 3)",0.0
15010,"(16, 89, 3)",0.0
15011,"(17, 89, 3)",0.0
15012,"(18, 89, 3)",0.0
15013,"(19, 89, 3)",0.0
15014,"(20, 89, 3)",0.0
15015,"(0, 89, 4)",0.0
15016,"(1, 89, 4)",0.0
15017,"(2, 89, 4)",0.0
15018,"(3, 89, 4)",0.0
15019,"(4, 89, 4)",0.0
15020,"(5, 89, 4)",0.0
15021,"(6, 89, 4)",4.0
15022,"(7, 89, 4)",0.0
15023,"(8, 89, 4)",0.0
15024,"(9, 89, 4)",0.0
15025,"(10, 89, 4)",0.0
15026,"(11, 89, 4)",0.0
15027,"(12, 89, 4)",0.0
15028,"(13, 89, 4)",0.0
15029,"(14, 89, 4)",0.0
15030,"(15, 89, 4)",0.0
15031,"(16, 89, 4)",0.0
15032,"(17, 89, 4)",0.0
15033,"(18, 89, 4)",9.0
15034,"(19, 89, 4)",9.0
15035,"(20, 89, 4)",0.0
15036,"(0, 89, 5)",0.0
15037,"(1, 89, 5)",0.0
15038,"(2, 89, 5)",0.0
15039,"(3, 89, 5)",0.0
15040,"(4, 89, 5)",0.0
15041,"(5, 89, 5)",0.0
15042,"(6, 89, 5)",4.0
15043,"(7, 89, 5)",0.0
15044,"(8, 89, 5)",0.0
15045,"(9, 89, 5)",0.0
15046,"(10, 89, 5)",0.0
15047,"(11, 89, 5)",0.0
15048,"(12, 89, 5)",0.0
15049,"(13, 89, 5)",0.0
15050,"(14, 89, 5)",0.0
15051,"(15, 89, 5)",0.0
15052,"(16, 89, 5)",0.0
15053,"(17, 89, 5)",0.0
15054,"(18, 89, 5)",0.0
15055,"(19, 89, 5)",9.0
15056,"(20, 89, 5)",0.0
15057,"(0, 89, 6)",0.0
15058,"(1, 89, 6)",0.0
15059,"(2, 89, 6)",0.0
15060,"(3, 89, 6)",0.0
15061,"(4, 89, 6)",0.0
15062,"(5, 89, 6)",7.0
15063,"(6, 89, 6)",4.0
15064,"(7, 89, 6)",0.0
15065,"(8, 89, 6)",0.0
15066,"(9, 89, 6)",0.0
15067,"(10, 89, 6)",0.0
15068,"(11, 89, 6)",0.0
15069,"(12, 89, 6)",0.0
15070,"(13, 89, 6)",0.0
15071,"(14, 89, 6)",0.0
15072,"(15, 89, 6)",0.0
15073,"(16, 89, 6)",0.0
15074,"(17, 89, 6)",0.0
15075,"(18, 89, 6)",0.0
15076,"(19, 89, 6)",0.0
15077,"(20, 89, 6)",9.0
15078,"(0, 89, 7)",0.0
15079,"(1, 89, 7)",0.0
15080,"(2, 89, 7)",0.0
15081,"(3, 89, 7)",0.0
15082,"(4, 89, 7)",3.0
15083,"(5, 89, 7)",0.0
15084,"(6, 89, 7)",0.0
15085,"(7, 89, 7)",0.0
15086,"(8, 89, 7)",0.0
15087,"(9, 89, 7)",0.0
15088,"(10, 89, 7)",0.0
15089,"(11, 89, 7)",0.0
15090,"(12, 89, 7)",0.0
15091,"(13, 89, 7)",0.0
15092,"(14, 89, 7)",0.0
15093,"(15, 89, 7)",0.0
15094,"(16, 89, 7)",0.0
15095,"(17, 89, 7)",0.0
15096,"(18, 89, 7)",9.0
15097,"(19, 89, 7)",9.0
15098,"(20, 89, 7)",0.0
15099,"(0, 89, 8)",0.0
15100,"(1, 89, 8)",0.0
15101,"(2, 89, 8)",0.0
15102,"(3, 89, 8)",0.0
15103,"(4, 89, 8)",0.0
15104,"(5, 89, 8)",0.0
15105,"(6, 89, 8)",0.0
15106,"(7, 89, 8)",0.0
15107,"(8, 89, 8)",0.0
15108,"(9, 89, 8)",0.0
15109,"(10, 89, 8)",0.0
15110,"(11, 89, 8)",0.0
15111,"(12, 89, 8)",0.0
15112,"(13, 89, 8)",0.0
15113,"(14, 89, 8)",0.0
15114,"(15, 89, 8)",0.0
15115,"(16, 89, 8)",0.0
15116,"(17, 89, 8)",0.0
15117,"(18, 89, 8)",0.0
15118,"(19, 89, 8)",0.0
15119,"(20, 89, 8)",0.0
15120,"(0, 90, 1)",0.0
15121,"(1, 90, 1)",0.0
15122,"(2, 90, 1)",0.0
15123,"(3, 90, 1)",0.0
15124,"(4, 90, 1)",0.0
15125,"(5, 90, 1)",0.0
15126,"(6, 90, 1)",0.0
15127,"(7, 90, 1)",0.0
15128,"(8, 90, 1)",0.0
15129,"(9, 90, 1)",0.0
15130,"(10, 90, 1)",0.0
15131,"(11, 90, 1)",0.0
15132,"(12, 90, 1)",0.0
15133,"(13, 90, 1)",0.0
15134,"(14, 90, 1)",0.0
15135,"(15, 90, 1)",0.0
15136,"(16, 90, 1)",0.0
15137,"(17, 90, 1)",0.0
15138,"(18, 90, 1)",0.0
15139,"(19, 90, 1)",0.0
15140,"(20, 90, 1)",0.0
15141,"(0, 90, 2)",0.0
15142,"(1, 90, 2)",0.0
15143,"(2, 90, 2)",0.0
15144,"(3, 90, 2)",0.0
15145,"(4, 90, 2)",0.0
15146,"(5, 90, 2)",0.0
15147,"(6, 90, 2)",0.0
15148,"(7, 90, 2)",0.0
15149,"(8, 90, 2)",0.0
15150,"(9, 90, 2)",0.0
15151,"(10, 90, 2)",0.0
15152,"(11, 90, 2)",0.0
15153,"(12, 90, 2)",0.0
15154,"(13, 90, 2)",0.0
15155,"(14, 90, 2)",0.0
15156,"(15, 90, 2)",0.0
15157,"(16, 90, 2)",0.0
15158,"(17, 90, 2)",0.0
15159,"(18, 90, 2)",0.0
15160,"(19, 90, 2)",0.0
15161,"(20, 90, 2)",0.0
15162,"(0, 90, 3)",0.0
15163,"(1, 90, 3)",0.0
15164,"(2, 90, 3)",0.0
15165,"(3, 90, 3)",0.0
15166,"(4, 90, 3)",0.0
15167,"(5, 90, 3)",0.0
15168,"(6, 90, 3)",0.0
15169,"(7, 90, 3)",0.0
15170,"(8, 90, 3)",0.0
15171,"(9, 90, 3)",0.0
15172,"(10, 90, 3)",0.0
15173,"(11, 90, 3)",0.0
15174,"(12, 90, 3)",0.0
15175,"(13, 90, 3)",0.0
15176,"(14, 90, 3)",0.0
15177,"(15, 90, 3)",0.0
15178,"(16, 90, 3)",0.0
15179,"(17, 90, 3)",0.0
15180,"(18, 90, 3)",0.0
15181,"(19, 90, 3)",0.0
15182,"(20, 90, 3)",0.0
15183,"(0, 90, 4)",0.0
15184,"(1, 90, 4)",0.0
15185,"(2, 90, 4)",0.0
15186,"(3, 90, 4)",0.0
15187,"(4, 90, 4)",0.0
15188,"(5, 90, 4)",0.0
15189,"(6, 90, 4)",0.0
15190,"(7, 90, 4)",0.0
15191,"(8, 90, 4)",0.0
15192,"(9, 90, 4)",0.0
15193,"(10, 90, 4)",0.0
15194,"(11, 90, 4)",0.0
15195,"(12, 90, 4)",0.0
15196,"(13, 90, 4)",0.0
15197,"(14, 90, 4)",0.0
15198,"(15, 90, 4)",0.0
15199,"(16, 90, 4)",0.0
15200,"(17, 90, 4)",0.0
15201,"(18, 90, 4)",0.0
15202,"(19, 90, 4)",0.0
15203,"(20, 90, 4)",0.0
15204,"(0, 90, 5)",0.0
15205,"(1, 90, 5)",0.0
15206,"(2, 90, 5)",0.0
15207,"(3, 90, 5)",0.0
15208,"(4, 90, 5)",0.0
15209,"(5, 90, 5)",0.0
15210,"(6, 90, 5)",0.0
15211,"(7, 90, 5)",0.0
15212,"(8, 90, 5)",0.0
15213,"(9, 90, 5)",0.0
15214,"(10, 90, 5)",0.0
15215,"(11, 90, 5)",0.0
15216,"(12, 90, 5)",0.0
15217,"(13, 90, 5)",0.0
15218,"(14, 90, 5)",0.0
15219,"(15, 90, 5)",0.0
15220,"(16, 90, 5)",0.0
15221,"(17, 90, 5)",0.0
15222,"(18, 90, 5)",0.0
15223,"(19, 90, 5)",0.0
15224,"(20, 90, 5)",0.0
15225,"(0, 90, 6)",0.0
15226,"(1, 90, 6)",0.0
15227,"(2, 90, 6)",0.0
15228,"(3, 90, 6)",0.0
15229,"(4, 90, 6)",0.0
15230,"(5, 90, 6)",0.0
15231,"(6, 90, 6)",0.0
15232,"(7, 90, 6)",0.0
15233,"(8, 90, 6)",0.0
15234,"(9, 90, 6)",0.0
15235,"(10, 90, 6)",0.0
15236,"(11, 90, 6)",0.0
15237,"(12, 90, 6)",0.0
15238,"(13, 90, 6)",0.0
15239,"(14, 90, 6)",0.0
15240,"(15, 90, 6)",0.0
15241,"(16, 90, 6)",0.0
15242,"(17, 90, 6)",0.0
15243,"(18, 90, 6)",0.0
15244,"(19, 90, 6)",0.0
15245,"(20, 90, 6)",0.0
15246,"(0, 90, 7)",0.0
15247,"(1, 90, 7)",0.0
15248,"(2, 90, 7)",0.0
15249,"(3, 90, 7)",0.0
15250,"(4, 90, 7)",0.0
15251,"(5, 90, 7)",0.0
15252,"(6, 90, 7)",0.0
15253,"(7, 90, 7)",0.0
15254,"(8, 90, 7)",0.0
15255,"(9, 90, 7)",0.0
15256,"(10, 90, 7)",0.0
15257,"(11, 90, 7)",0.0
15258,"(12, 90, 7)",0.0
15259,"(13, 90, 7)",0.0
15260,"(14, 90, 7)",0.0
15261,"(15, 90, 7)",0.0
15262,"(16, 90, 7)",0.0
15263,"(17, 90, 7)",0.0
15264,"(18, 90, 7)",0.0
15265,"(19, 90, 7)",0.0
15266,"(20, 90, 7)",0.0
15267,"(0, 90, 8)",0.0
15268,"(1, 90, 8)",0.0
15269,"(2, 90, 8)",0.0
15270,"(3, 90, 8)",0.0
15271,"(4, 90, 8)",0.0
15272,"(5, 90, 8)",0.0
15273,"(6, 90, 8)",0.0
15274,"(7, 90, 8)",0.0
15275,"(8, 90, 8)",0.0
15276,"(9, 90, 8)",0.0
15277,"(10, 90, 8)",0.0
15278,"(11, 90, 8)",0.0
15279,"(12, 90, 8)",0.0
15280,"(13, 90, 8)",0.0
15281,"(14, 90, 8)",0.0
15282,"(15, 90, 8)",0.0
15283,"(16, 90, 8)",0.0
15284,"(17, 90, 8)",0.0
15285,"(18, 90, 8)",0.0
15286,"(19, 90, 8)",0.0
15287,"(20, 90, 8)",0.0
15288,"(0, 91, 1)",0.0
15289,"(1, 91, 1)",0.0
15290,"(2, 91, 1)",0.0
15291,"(3, 91, 1)",0.0
15292,"(4, 91, 1)",0.0
15293,"(5, 91, 1)",0.0
15294,"(6, 91, 1)",0.0
15295,"(7, 91, 1)",0.0
15296,"(8, 91, 1)",0.0
15297,"(9, 91, 1)",0.0
15298,"(10, 91, 1)",0.0
15299,"(11, 91, 1)",0.0
15300,"(12, 91, 1)",0.0
15301,"(13, 91, 1)",0.0
15302,"(14, 91, 1)",0.0
15303,"(15, 91, 1)",0.0
15304,"(16, 91, 1)",0.0
15305,"(17, 91, 1)",0.0
15306,"(18, 91, 1)",0.0
15307,"(19, 91, 1)",0.0
15308,"(20, 91, 1)",0.0
15309,"(0, 91, 2)",0.0
15310,"(1, 91, 2)",0.0
15311,"(2, 91, 2)",0.0
15312,"(3, 91, 2)",0.0
15313,"(4, 91, 2)",0.0
15314,"(5, 91, 2)",0.0
15315,"(6, 91, 2)",0.0
15316,"(7, 91, 2)",0.0
15317,"(8, 91, 2)",0.0
15318,"(9, 91, 2)",0.0
15319,"(10, 91, 2)",0.0
15320,"(11, 91, 2)",0.0
15321,"(12, 91, 2)",0.0
15322,"(13, 91, 2)",0.0
15323,"(14, 91, 2)",0.0
15324,"(15, 91, 2)",0.0
15325,"(16, 91, 2)",0.0
15326,"(17, 91, 2)",0.0
15327,"(18, 91, 2)",0.0
15328,"(19, 91, 2)",0.0
15329,"(20, 91, 2)",0.0
15330,"(0, 91, 3)",0.0
15331,"(1, 91, 3)",0.0
15332,"(2, 91, 3)",0.0
15333,"(3, 91, 3)",0.0
15334,"(4, 91, 3)",0.0
15335,"(5, 91, 3)",0.0
15336,"(6, 91, 3)",0.0
15337,"(7, 91, 3)",0.0
15338,"(8, 91, 3)",0.0
15339,"(9, 91, 3)",0.0
15340,"(10, 91, 3)",0.0
15341,"(11, 91, 3)",0.0
15342,"(12, 91, 3)",0.0
15343,"(13, 91, 3)",0.0
15344,"(14, 91, 3)",0.0
15345,"(15, 91, 3)",0.0
15346,"(16, 91, 3)",0.0
15347,"(17, 91, 3)",0.0
15348,"(18, 91, 3)",0.0
15349,"(19, 91, 3)",0.0
15350,"(20, 91, 3)",0.0
15351,"(0, 91, 4)",0.0
15352,"(1, 91, 4)",0.0
15353,"(2, 91, 4)",0.0
15354,"(3, 91, 4)",0.0
15355,"(4, 91, 4)",0.0
15356,"(5, 91, 4)",0.0
15357,"(6, 91, 4)",0.0
15358,"(7, 91, 4)",0.0
15359,"(8, 91, 4)",0.0
15360,"(9, 91, 4)",0.0
15361,"(10, 91, 4)",0.0
15362,"(11, 91, 4)",0.0
15363,"(12, 91, 4)",0.0
15364,"(13, 91, 4)",0.0
15365,"(14, 91, 4)",0.0
15366,"(15, 91, 4)",0.0
15367,"(16, 91, 4)",0.0
15368,"(17, 91, 4)",0.0
15369,"(18, 91, 4)",0.0
15370,"(19, 91, 4)",0.0
15371,"(20, 91, 4)",0.0
15372,"(0, 91, 5)",0.0
15373,"(1, 91, 5)",0.0
15374,"(2, 91, 5)",0.0
15375,"(3, 91, 5)",0.0
15376,"(4, 91, 5)",0.0
15377,"(5, 91, 5)",0.0
15378,"(6, 91, 5)",0.0
15379,"(7, 91, 5)",0.0
15380,"(8, 91, 5)",0.0
15381,"(9, 91, 5)",0.0
15382,"(10, 91, 5)",0.0
15383,"(11, 91, 5)",0.0
15384,"(12, 91, 5)",0.0
15385,"(13, 91, 5)",0.0
15386,"(14, 91, 5)",0.0
15387,"(15, 91, 5)",0.0
15388,"(16, 91, 5)",0.0
15389,"(17, 91, 5)",0.0
15390,"(18, 91, 5)",0.0
15391,"(19, 91, 5)",0.0
15392,"(20, 91, 5)",0.0
15393,"(0, 91, 6)",0.0
15394,"(1, 91, 6)",0.0
15395,"(2, 91, 6)",0.0
15396,"(3, 91, 6)",0.0
15397,"(4, 91, 6)",0.0
15398,"(5, 91, 6)",0.0
15399,"(6, 91, 6)",0.0
15400,"(7, 91, 6)",0.0
15401,"(8, 91, 6)",0.0
15402,"(9, 91, 6)",0.0
15403,"(10, 91, 6)",0.0
15404,"(11, 91, 6)",0.0
15405,"(12, 91, 6)",0.0
15406,"(13, 91, 6)",0.0
15407,"(14, 91, 6)",0.0
15408,"(15, 91, 6)",0.0
15409,"(16, 91, 6)",0.0
15410,"(17, 91, 6)",0.0
15411,"(18, 91, 6)",0.0
15412,"(19, 91, 6)",0.0
15413,"(20, 91, 6)",0.0
15414,"(0, 91, 7)",0.0
15415,"(1, 91, 7)",0.0
15416,"(2, 91, 7)",0.0
15417,"(3, 91, 7)",0.0
15418,"(4, 91, 7)",0.0
15419,"(5, 91, 7)",0.0
15420,"(6, 91, 7)",0.0
15421,"(7, 91, 7)",0.0
15422,"(8, 91, 7)",0.0
15423,"(9, 91, 7)",0.0
15424,"(10, 91, 7)",0.0
15425,"(11, 91, 7)",0.0
15426,"(12, 91, 7)",4.0
15427,"(13, 91, 7)",0.0
15428,"(14, 91, 7)",2.0
15429,"(15, 91, 7)",0.0
15430,"(16, 91, 7)",0.0
15431,"(17, 91, 7)",0.0
15432,"(18, 91, 7)",0.0
15433,"(19, 91, 7)",0.0
15434,"(20, 91, 7)",0.0
15435,"(0, 91, 8)",0.0
15436,"(1, 91, 8)",0.0
15437,"(2, 91, 8)",0.0
15438,"(3, 91, 8)",0.0
15439,"(4, 91, 8)",0.0
15440,"(5, 91, 8)",0.0
15441,"(6, 91, 8)",0.0
15442,"(7, 91, 8)",0.0
15443,"(8, 91, 8)",0.0
15444,"(9, 91, 8)",0.0
15445,"(10, 91, 8)",0.0
15446,"(11, 91, 8)",0.0
15447,"(12, 91, 8)",4.0
15448,"(13, 91, 8)",0.0
15449,"(14, 91, 8)",2.0
15450,"(15, 91, 8)",4.0
15451,"(16, 91, 8)",0.0
15452,"(17, 91, 8)",47.0
15453,"(18, 91, 8)",0.0
15454,"(19, 91, 8)",0.0
15455,"(20, 91, 8)",0.0
15456,"(0, 92, 1)",0.0
15457,"(1, 92, 1)",0.0
15458,"(2, 92, 1)",0.0
15459,"(3, 92, 1)",0.0
15460,"(4, 92, 1)",0.0
15461,"(5, 92, 1)",0.0
15462,"(6, 92, 1)",0.0
15463,"(7, 92, 1)",0.0
15464,"(8, 92, 1)",0.0
15465,"(9, 92, 1)",0.0
15466,"(10, 92, 1)",0.0
15467,"(11, 92, 1)",0.0
15468,"(12, 92, 1)",0.0
15469,"(13, 92, 1)",0.0
15470,"(14, 92, 1)",0.0
15471,"(15, 92, 1)",0.0
15472,"(16, 92, 1)",0.0
15473,"(17, 92, 1)",0.0
15474,"(18, 92, 1)",0.0
15475,"(19, 92, 1)",0.0
15476,"(20, 92, 1)",0.0
15477,"(0, 92, 2)",0.0
15478,"(1, 92, 2)",0.0
15479,"(2, 92, 2)",0.0
15480,"(3, 92, 2)",0.0
15481,"(4, 92, 2)",0.0
15482,"(5, 92, 2)",0.0
15483,"(6, 92, 2)",0.0
15484,"(7, 92, 2)",0.0
15485,"(8, 92, 2)",0.0
15486,"(9, 92, 2)",0.0
15487,"(10, 92, 2)",0.0
15488,"(11, 92, 2)",0.0
15489,"(12, 92, 2)",0.0
15490,"(13, 92, 2)",0.0
15491,"(14, 92, 2)",0.0
15492,"(15, 92, 2)",0.0
15493,"(16, 92, 2)",0.0
15494,"(17, 92, 2)",0.0
15495,"(18, 92, 2)",0.0
15496,"(19, 92, 2)",0.0
15497,"(20, 92, 2)",0.0
15498,"(0, 92, 3)",0.0
15499,"(1, 92, 3)",7.0
15500,"(2, 92, 3)",0.0
15501,"(3, 92, 3)",0.0
15502,"(4, 92, 3)",0.0
15503,"(5, 92, 3)",0.0
15504,"(6, 92, 3)",0.0
15505,"(7, 92, 3)",0.0
15506,"(8, 92, 3)",0.0
15507,"(9, 92, 3)",0.0
15508,"(10, 92, 3)",3.0
15509,"(11, 92, 3)",0.0
15510,"(12, 92, 3)",0.0
15511,"(13, 92, 3)",0.0
15512,"(14, 92, 3)",0.0
15513,"(15, 92, 3)",0.0
15514,"(16, 92, 3)",0.0
15515,"(17, 92, 3)",0.0
15516,"(18, 92, 3)",0.0
15517,"(19, 92, 3)",0.0
15518,"(20, 92, 3)",0.0
15519,"(0, 92, 4)",0.0
15520,"(1, 92, 4)",7.0
15521,"(2, 92, 4)",0.0
15522,"(3, 92, 4)",0.0
15523,"(4, 92, 4)",0.0
15524,"(5, 92, 4)",0.0
15525,"(6, 92, 4)",0.0
15526,"(7, 92, 4)",0.0
15527,"(8, 92, 4)",0.0
15528,"(9, 92, 4)",0.0
15529,"(10, 92, 4)",0.0
15530,"(11, 92, 4)",0.0
15531,"(12, 92, 4)",0.0
15532,"(13, 92, 4)",0.0
15533,"(14, 92, 4)",0.0
15534,"(15, 92, 4)",0.0
15535,"(16, 92, 4)",0.0
15536,"(17, 92, 4)",0.0
15537,"(18, 92, 4)",0.0
15538,"(19, 92, 4)",0.0
15539,"(20, 92, 4)",0.0
15540,"(0, 92, 5)",0.0
15541,"(1, 92, 5)",0.0
15542,"(2, 92, 5)",2.0
15543,"(3, 92, 5)",0.0
15544,"(4, 92, 5)",0.0
15545,"(5, 92, 5)",0.0
15546,"(6, 92, 5)",0.0
15547,"(7, 92, 5)",0.0
15548,"(8, 92, 5)",0.0
15549,"(9, 92, 5)",0.0
15550,"(10, 92, 5)",0.0
15551,"(11, 92, 5)",0.0
15552,"(12, 92, 5)",0.0
15553,"(13, 92, 5)",0.0
15554,"(14, 92, 5)",0.0
15555,"(15, 92, 5)",0.0
15556,"(16, 92, 5)",0.0
15557,"(17, 92, 5)",0.0
15558,"(18, 92, 5)",0.0
15559,"(19, 92, 5)",0.0
15560,"(20, 92, 5)",0.0
15561,"(0, 92, 6)",0.0
15562,"(1, 92, 6)",0.0
15563,"(2, 92, 6)",1.0
15564,"(3, 92, 6)",0.0
15565,"(4, 92, 6)",0.0
15566,"(5, 92, 6)",0.0
15567,"(6, 92, 6)",0.0
15568,"(7, 92, 6)",0.0
15569,"(8, 92, 6)",0.0
15570,"(9, 92, 6)",0.0
15571,"(10, 92, 6)",0.0
15572,"(11, 92, 6)",0.0
15573,"(12, 92, 6)",0.0
15574,"(13, 92, 6)",0.0
15575,"(14, 92, 6)",0.0
15576,"(15, 92, 6)",0.0
15577,"(16, 92, 6)",0.0
15578,"(17, 92, 6)",0.0
15579,"(18, 92, 6)",0.0
15580,"(19, 92, 6)",0.0
15581,"(20, 92, 6)",0.0
15582,"(0, 92, 7)",0.0
15583,"(1, 92, 7)",0.0
15584,"(2, 92, 7)",0.0
15585,"(3, 92, 7)",0.0
15586,"(4, 92, 7)",0.0
15587,"(5, 92, 7)",0.0
15588,"(6, 92, 7)",0.0
15589,"(7, 92, 7)",0.0
15590,"(8, 92, 7)",0.0
15591,"(9, 92, 7)",3.0
15592,"(10, 92, 7)",0.0
15593,"(11, 92, 7)",0.0
15594,"(12, 92, 7)",0.0
15595,"(13, 92, 7)",0.0
15596,"(14, 92, 7)",0.0
15597,"(15, 92, 7)",0.0
15598,"(16, 92, 7)",0.0
15599,"(17, 92, 7)",0.0
15600,"(18, 92, 7)",0.0
15601,"(19, 92, 7)",0.0
15602,"(20, 92, 7)",0.0
15603,"(0, 92, 8)",0.0
15604,"(1, 92, 8)",0.0
15605,"(2, 92, 8)",0.0
15606,"(3, 92, 8)",0.0
15607,"(4, 92, 8)",0.0
15608,"(5, 92, 8)",0.0
15609,"(6, 92, 8)",0.0
15610,"(7, 92, 8)",0.0
15611,"(8, 92, 8)",0.0
15612,"(9, 92, 8)",0.0
15613,"(10, 92, 8)",0.0
15614,"(11, 92, 8)",0.0
15615,"(12, 92, 8)",0.0
15616,"(13, 92, 8)",0.0
15617,"(14, 92, 8)",0.0
15618,"(15, 92, 8)",0.0
15619,"(16, 92, 8)",0.0
15620,"(17, 92, 8)",0.0
15621,"(18, 92, 8)",0.0
15622,"(19, 92, 8)",0.0
15623,"(20, 92, 8)",0.0
15624,"(0, 93, 1)",0.0
15625,"(1, 93, 1)",0.0
15626,"(2, 93, 1)",0.0
15627,"(3, 93, 1)",0.0
15628,"(4, 93, 1)",0.0
15629,"(5, 93, 1)",0.0
15630,"(6, 93, 1)",0.0
15631,"(7, 93, 1)",0.0
15632,"(8, 93, 1)",0.0
15633,"(9, 93, 1)",0.0
15634,"(10, 93, 1)",0.0
15635,"(11, 93, 1)",0.0
15636,"(12, 93, 1)",0.0
15637,"(13, 93, 1)",0.0
15638,"(14, 93, 1)",0.0
15639,"(15, 93, 1)",0.0
15640,"(16, 93, 1)",0.0
15641,"(17, 93, 1)",0.0
15642,"(18, 93, 1)",0.0
15643,"(19, 93, 1)",0.0
15644,"(20, 93, 1)",0.0
15645,"(0, 93, 2)",0.0
15646,"(1, 93, 2)",0.0
15647,"(2, 93, 2)",0.0
15648,"(3, 93, 2)",0.0
15649,"(4, 93, 2)",0.0
15650,"(5, 93, 2)",0.0
15651,"(6, 93, 2)",0.0
15652,"(7, 93, 2)",0.0
15653,"(8, 93, 2)",0.0
15654,"(9, 93, 2)",0.0
15655,"(10, 93, 2)",0.0
15656,"(11, 93, 2)",0.0
15657,"(12, 93, 2)",0.0
15658,"(13, 93, 2)",0.0
15659,"(14, 93, 2)",0.0
15660,"(15, 93, 2)",0.0
15661,"(16, 93, 2)",0.0
15662,"(17, 93, 2)",0.0
15663,"(18, 93, 2)",0.0
15664,"(19, 93, 2)",0.0
15665,"(20, 93, 2)",0.0
15666,"(0, 93, 3)",0.0
15667,"(1, 93, 3)",0.0
15668,"(2, 93, 3)",0.0
15669,"(3, 93, 3)",0.0
15670,"(4, 93, 3)",0.0
15671,"(5, 93, 3)",0.0
15672,"(6, 93, 3)",0.0
15673,"(7, 93, 3)",0.0
15674,"(8, 93, 3)",0.0
15675,"(9, 93, 3)",0.0
15676,"(10, 93, 3)",0.0
15677,"(11, 93, 3)",0.0
15678,"(12, 93, 3)",0.0
15679,"(13, 93, 3)",0.0
15680,"(14, 93, 3)",0.0
15681,"(15, 93, 3)",0.0
15682,"(16, 93, 3)",0.0
15683,"(17, 93, 3)",0.0
15684,"(18, 93, 3)",0.0
15685,"(19, 93, 3)",0.0
15686,"(20, 93, 3)",0.0
15687,"(0, 93, 4)",0.0
15688,"(1, 93, 4)",0.0
15689,"(2, 93, 4)",0.0
15690,"(3, 93, 4)",0.0
15691,"(4, 93, 4)",0.0
15692,"(5, 93, 4)",0.0
15693,"(6, 93, 4)",0.0
15694,"(7, 93, 4)",0.0
15695,"(8, 93, 4)",0.0
15696,"(9, 93, 4)",0.0
15697,"(10, 93, 4)",0.0
15698,"(11, 93, 4)",0.0
15699,"(12, 93, 4)",0.0
15700,"(13, 93, 4)",0.0
15701,"(14, 93, 4)",0.0
15702,"(15, 93, 4)",0.0
15703,"(16, 93, 4)",0.0
15704,"(17, 93, 4)",0.0
15705,"(18, 93, 4)",0.0
15706,"(19, 93, 4)",0.0
15707,"(20, 93, 4)",0.0
15708,"(0, 93, 5)",0.0
15709,"(1, 93, 5)",0.0
15710,"(2, 93, 5)",0.0
15711,"(3, 93, 5)",0.0
15712,"(4, 93, 5)",0.0
15713,"(5, 93, 5)",0.0
15714,"(6, 93, 5)",0.0
15715,"(7, 93, 5)",0.0
15716,"(8, 93, 5)",0.0
15717,"(9, 93, 5)",0.0
15718,"(10, 93, 5)",0.0
15719,"(11, 93, 5)",0.0
15720,"(12, 93, 5)",0.0
15721,"(13, 93, 5)",0.0
15722,"(14, 93, 5)",0.0
15723,"(15, 93, 5)",0.0
15724,"(16, 93, 5)",0.0
15725,"(17, 93, 5)",0.0
15726,"(18, 93, 5)",0.0
15727,"(19, 93, 5)",0.0
15728,"(20, 93, 5)",0.0
15729,"(0, 93, 6)",0.0
15730,"(1, 93, 6)",0.0
15731,"(2, 93, 6)",0.0
15732,"(3, 93, 6)",0.0
15733,"(4, 93, 6)",0.0
15734,"(5, 93, 6)",0.0
15735,"(6, 93, 6)",0.0
15736,"(7, 93, 6)",0.0
15737,"(8, 93, 6)",0.0
15738,"(9, 93, 6)",0.0
15739,"(10, 93, 6)",0.0
15740,"(11, 93, 6)",0.0
15741,"(12, 93, 6)",0.0
15742,"(13, 93, 6)",0.0
15743,"(14, 93, 6)",0.0
15744,"(15, 93, 6)",0.0
15745,"(16, 93, 6)",0.0
15746,"(17, 93, 6)",0.0
15747,"(18, 93, 6)",0.0
15748,"(19, 93, 6)",0.0
15749,"(20, 93, 6)",0.0
15750,"(0, 93, 7)",0.0
15751,"(1, 93, 7)",0.0
15752,"(2, 93, 7)",0.0
15753,"(3, 93, 7)",0.0
15754,"(4, 93, 7)",0.0
15755,"(5, 93, 7)",0.0
15756,"(6, 93, 7)",0.0
15757,"(7, 93, 7)",0.0
15758,"(8, 93, 7)",0.0
15759,"(9, 93, 7)",0.0
15760,"(10, 93, 7)",0.0
15761,"(11, 93, 7)",0.0
15762,"(12, 93, 7)",0.0
15763,"(13, 93, 7)",0.0
15764,"(14, 93, 7)",0.0
15765,"(15, 93, 7)",0.0
15766,"(16, 93, 7)",0.0
15767,"(17, 93, 7)",0.0
15768,"(18, 93, 7)",0.0
15769,"(19, 93, 7)",0.0
15770,"(20, 93, 7)",0.0
15771,"(0, 93, 8)",0.0
15772,"(1, 93, 8)",7.0
15773,"(2, 93, 8)",0.0
15774,"(3, 93, 8)",3.0
15775,"(4, 93, 8)",0.0
15776,"(5, 93, 8)",0.0
15777,"(6, 93, 8)",0.0
15778,"(7, 93, 8)",0.0
15779,"(8, 93, 8)",0.0
15780,"(9, 93, 8)",0.0
15781,"(10, 93, 8)",0.0
15782,"(11, 93, 8)",0.0
15783,"(12, 93, 8)",0.0
15784,"(13, 93, 8)",0.0
15785,"(14, 93, 8)",0.0
15786,"(15, 93, 8)",0.0
15787,"(16, 93, 8)",0.0
15788,"(17, 93, 8)",0.0
15789,"(18, 93, 8)",0.0
15790,"(19, 93, 8)",0.0
15791,"(20, 93, 8)",0.0
15792,"(0, 94, 1)",0.0
15793,"(1, 94, 1)",0.0
15794,"(2, 94, 1)",0.0
15795,"(3, 94, 1)",0.0
15796,"(4, 94, 1)",0.0
15797,"(5, 94, 1)",0.0
15798,"(6, 94, 1)",0.0
15799,"(7, 94, 1)",0.0
15800,"(8, 94, 1)",0.0
15801,"(9, 94, 1)",0.0
15802,"(10, 94, 1)",0.0
15803,"(11, 94, 1)",0.0
15804,"(12, 94, 1)",0.0
15805,"(13, 94, 1)",0.0
15806,"(14, 94, 1)",0.0
15807,"(15, 94, 1)",0.0
15808,"(16, 94, 1)",0.0
15809,"(17, 94, 1)",0.0
15810,"(18, 94, 1)",0.0
15811,"(19, 94, 1)",0.0
15812,"(20, 94, 1)",0.0
15813,"(0, 94, 2)",0.0
15814,"(1, 94, 2)",0.0
15815,"(2, 94, 2)",0.0
15816,"(3, 94, 2)",0.0
15817,"(4, 94, 2)",0.0
15818,"(5, 94, 2)",0.0
15819,"(6, 94, 2)",0.0
15820,"(7, 94, 2)",0.0
15821,"(8, 94, 2)",0.0
15822,"(9, 94, 2)",0.0
15823,"(10, 94, 2)",0.0
15824,"(11, 94, 2)",0.0
15825,"(12, 94, 2)",0.0
15826,"(13, 94, 2)",0.0
15827,"(14, 94, 2)",0.0
15828,"(15, 94, 2)",0.0
15829,"(16, 94, 2)",0.0
15830,"(17, 94, 2)",0.0
15831,"(18, 94, 2)",0.0
15832,"(19, 94, 2)",0.0
15833,"(20, 94, 2)",0.0
15834,"(0, 94, 3)",0.0
15835,"(1, 94, 3)",0.0
15836,"(2, 94, 3)",0.0
15837,"(3, 94, 3)",0.0
15838,"(4, 94, 3)",0.0
15839,"(5, 94, 3)",0.0
15840,"(6, 94, 3)",0.0
15841,"(7, 94, 3)",0.0
15842,"(8, 94, 3)",0.0
15843,"(9, 94, 3)",0.0
15844,"(10, 94, 3)",0.0
15845,"(11, 94, 3)",0.0
15846,"(12, 94, 3)",0.0
15847,"(13, 94, 3)",0.0
15848,"(14, 94, 3)",0.0
15849,"(15, 94, 3)",0.0
15850,"(16, 94, 3)",0.0
15851,"(17, 94, 3)",0.0
15852,"(18, 94, 3)",0.0
15853,"(19, 94, 3)",0.0
15854,"(20, 94, 3)",0.0
15855,"(0, 94, 4)",0.0
15856,"(1, 94, 4)",0.0
15857,"(2, 94, 4)",0.0
15858,"(3, 94, 4)",-5.551115123125783e-16
15859,"(4, 94, 4)",0.0
15860,"(5, 94, 4)",0.0
15861,"(6, 94, 4)",0.0
15862,"(7, 94, 4)",0.0
15863,"(8, 94, 4)",0.0
15864,"(9, 94, 4)",0.0
15865,"(10, 94, 4)",0.0
15866,"(11, 94, 4)",0.0
15867,"(12, 94, 4)",0.0
15868,"(13, 94, 4)",0.0
15869,"(14, 94, 4)",0.0
15870,"(15, 94, 4)",0.0
15871,"(16, 94, 4)",0.0
15872,"(17, 94, 4)",0.0
15873,"(18, 94, 4)",0.0
15874,"(19, 94, 4)",0.0
15875,"(20, 94, 4)",0.0
15876,"(0, 94, 5)",0.0
15877,"(1, 94, 5)",0.0
15878,"(2, 94, 5)",0.0
15879,"(3, 94, 5)",0.0
15880,"(4, 94, 5)",0.0
15881,"(5, 94, 5)",0.0
15882,"(6, 94, 5)",0.0
15883,"(7, 94, 5)",0.0
15884,"(8, 94, 5)",0.0
15885,"(9, 94, 5)",0.0
15886,"(10, 94, 5)",0.0
15887,"(11, 94, 5)",0.0
15888,"(12, 94, 5)",0.0
15889,"(13, 94, 5)",0.0
15890,"(14, 94, 5)",0.0
15891,"(15, 94, 5)",0.0
15892,"(16, 94, 5)",0.0
15893,"(17, 94, 5)",0.0
15894,"(18, 94, 5)",0.0
15895,"(19, 94, 5)",0.0
15896,"(20, 94, 5)",0.0
15897,"(0, 94, 6)",0.0
15898,"(1, 94, 6)",0.0
15899,"(2, 94, 6)",0.0
15900,"(3, 94, 6)",0.0
15901,"(4, 94, 6)",0.0
15902,"(5, 94, 6)",0.0
15903,"(6, 94, 6)",0.0
15904,"(7, 94, 6)",0.0
15905,"(8, 94, 6)",0.0
15906,"(9, 94, 6)",0.0
15907,"(10, 94, 6)",0.0
15908,"(11, 94, 6)",0.0
15909,"(12, 94, 6)",0.0
15910,"(13, 94, 6)",0.0
15911,"(14, 94, 6)",0.0
15912,"(15, 94, 6)",0.0
15913,"(16, 94, 6)",0.0
15914,"(17, 94, 6)",0.0
15915,"(18, 94, 6)",0.0
15916,"(19, 94, 6)",0.0
15917,"(20, 94, 6)",0.0
15918,"(0, 94, 7)",0.0
15919,"(1, 94, 7)",7.0
15920,"(2, 94, 7)",0.0
15921,"(3, 94, 7)",3.0
15922,"(4, 94, 7)",0.0
15923,"(5, 94, 7)",0.0
15924,"(6, 94, 7)",0.0
15925,"(7, 94, 7)",0.0
15926,"(8, 94, 7)",0.0
15927,"(9, 94, 7)",0.0
15928,"(10, 94, 7)",0.0
15929,"(11, 94, 7)",0.0
15930,"(12, 94, 7)",0.0
15931,"(13, 94, 7)",0.0
15932,"(14, 94, 7)",0.0
15933,"(15, 94, 7)",0.0
15934,"(16, 94, 7)",0.0
15935,"(17, 94, 7)",0.0
15936,"(18, 94, 7)",0.0
15937,"(19, 94, 7)",0.0
15938,"(20, 94, 7)",0.0
15939,"(0, 94, 8)",0.0
15940,"(1, 94, 8)",0.0
15941,"(2, 94, 8)",0.0
15942,"(3, 94, 8)",0.0
15943,"(4, 94, 8)",0.0
15944,"(5, 94, 8)",0.0
15945,"(6, 94, 8)",0.0
15946,"(7, 94, 8)",0.0
15947,"(8, 94, 8)",0.0
15948,"(9, 94, 8)",0.0
15949,"(10, 94, 8)",0.0
15950,"(11, 94, 8)",0.0
15951,"(12, 94, 8)",0.0
15952,"(13, 94, 8)",0.0
15953,"(14, 94, 8)",0.0
15954,"(15, 94, 8)",0.0
15955,"(16, 94, 8)",0.0
15956,"(17, 94, 8)",0.0
15957,"(18, 94, 8)",0.0
15958,"(19, 94, 8)",0.0
15959,"(20, 94, 8)",0.0
15960,"(0, 95, 1)",0.0
15961,"(1, 95, 1)",0.0
15962,"(2, 95, 1)",0.0
15963,"(3, 95, 1)",0.0
15964,"(4, 95, 1)",0.0
15965,"(5, 95, 1)",0.0
15966,"(6, 95, 1)",0.0
15967,"(7, 95, 1)",0.0
15968,"(8, 95, 1)",0.0
15969,"(9, 95, 1)",0.0
15970,"(10, 95, 1)",0.0
15971,"(11, 95, 1)",0.0
15972,"(12, 95, 1)",0.0
15973,"(13, 95, 1)",0.0
15974,"(14, 95, 1)",0.0
15975,"(15, 95, 1)",0.0
15976,"(16, 95, 1)",0.0
15977,"(17, 95, 1)",0.0
15978,"(18, 95, 1)",0.0
15979,"(19, 95, 1)",0.0
15980,"(20, 95, 1)",0.0
15981,"(0, 95, 2)",0.0
15982,"(1, 95, 2)",0.0
15983,"(2, 95, 2)",0.0
15984,"(3, 95, 2)",0.0
15985,"(4, 95, 2)",0.0
15986,"(5, 95, 2)",0.0
15987,"(6, 95, 2)",0.0
15988,"(7, 95, 2)",0.0
15989,"(8, 95, 2)",0.0
15990,"(9, 95, 2)",0.0
15991,"(10, 95, 2)",0.0
15992,"(11, 95, 2)",0.0
15993,"(12, 95, 2)",0.0
15994,"(13, 95, 2)",0.0
15995,"(14, 95, 2)",0.0
15996,"(15, 95, 2)",0.0
15997,"(16, 95, 2)",0.0
15998,"(17, 95, 2)",0.0
15999,"(18, 95, 2)",0.0
16000,"(19, 95, 2)",0.0
16001,"(20, 95, 2)",0.0
16002,"(0, 95, 3)",0.0
16003,"(1, 95, 3)",0.0
16004,"(2, 95, 3)",0.0
16005,"(3, 95, 3)",2.0
16006,"(4, 95, 3)",0.0
16007,"(5, 95, 3)",0.0
16008,"(6, 95, 3)",0.0
16009,"(7, 95, 3)",0.0
16010,"(8, 95, 3)",0.0
16011,"(9, 95, 3)",0.0
16012,"(10, 95, 3)",0.0
16013,"(11, 95, 3)",0.0
16014,"(12, 95, 3)",0.0
16015,"(13, 95, 3)",0.0
16016,"(14, 95, 3)",0.0
16017,"(15, 95, 3)",0.0
16018,"(16, 95, 3)",0.0
16019,"(17, 95, 3)",0.0
16020,"(18, 95, 3)",0.0
16021,"(19, 95, 3)",0.0
16022,"(20, 95, 3)",0.0
16023,"(0, 95, 4)",0.0
16024,"(1, 95, 4)",0.0
16025,"(2, 95, 4)",0.0
16026,"(3, 95, 4)",0.0
16027,"(4, 95, 4)",0.0
16028,"(5, 95, 4)",0.0
16029,"(6, 95, 4)",0.0
16030,"(7, 95, 4)",0.0
16031,"(8, 95, 4)",0.0
16032,"(9, 95, 4)",0.0
16033,"(10, 95, 4)",0.0
16034,"(11, 95, 4)",0.0
16035,"(12, 95, 4)",0.0
16036,"(13, 95, 4)",0.0
16037,"(14, 95, 4)",0.0
16038,"(15, 95, 4)",0.0
16039,"(16, 95, 4)",0.0
16040,"(17, 95, 4)",0.0
16041,"(18, 95, 4)",0.0
16042,"(19, 95, 4)",0.0
16043,"(20, 95, 4)",0.0
16044,"(0, 95, 5)",0.0
16045,"(1, 95, 5)",0.0
16046,"(2, 95, 5)",0.0
16047,"(3, 95, 5)",0.0
16048,"(4, 95, 5)",0.0
16049,"(5, 95, 5)",0.0
16050,"(6, 95, 5)",0.0
16051,"(7, 95, 5)",0.0
16052,"(8, 95, 5)",0.0
16053,"(9, 95, 5)",0.0
16054,"(10, 95, 5)",0.0
16055,"(11, 95, 5)",0.0
16056,"(12, 95, 5)",0.0
16057,"(13, 95, 5)",0.0
16058,"(14, 95, 5)",0.0
16059,"(15, 95, 5)",0.0
16060,"(16, 95, 5)",0.0
16061,"(17, 95, 5)",0.0
16062,"(18, 95, 5)",0.0
16063,"(19, 95, 5)",0.0
16064,"(20, 95, 5)",0.0
16065,"(0, 95, 6)",0.0
16066,"(1, 95, 6)",7.0
16067,"(2, 95, 6)",0.0
16068,"(3, 95, 6)",0.0
16069,"(4, 95, 6)",0.0
16070,"(5, 95, 6)",0.0
16071,"(6, 95, 6)",0.0
16072,"(7, 95, 6)",0.0
16073,"(8, 95, 6)",0.0
16074,"(9, 95, 6)",0.0
16075,"(10, 95, 6)",3.0
16076,"(11, 95, 6)",0.0
16077,"(12, 95, 6)",0.0
16078,"(13, 95, 6)",0.0
16079,"(14, 95, 6)",0.0
16080,"(15, 95, 6)",0.0
16081,"(16, 95, 6)",0.0
16082,"(17, 95, 6)",0.0
16083,"(18, 95, 6)",0.0
16084,"(19, 95, 6)",0.0
16085,"(20, 95, 6)",0.0
16086,"(0, 95, 7)",0.0
16087,"(1, 95, 7)",0.0
16088,"(2, 95, 7)",2.0
16089,"(3, 95, 7)",0.0
16090,"(4, 95, 7)",0.0
16091,"(5, 95, 7)",0.0
16092,"(6, 95, 7)",0.0
16093,"(7, 95, 7)",0.0
16094,"(8, 95, 7)",0.0
16095,"(9, 95, 7)",0.0
16096,"(10, 95, 7)",3.0
16097,"(11, 95, 7)",0.0
16098,"(12, 95, 7)",0.0
16099,"(13, 95, 7)",0.0
16100,"(14, 95, 7)",0.0
16101,"(15, 95, 7)",0.0
16102,"(16, 95, 7)",0.0
16103,"(17, 95, 7)",0.0
16104,"(18, 95, 7)",0.0
16105,"(19, 95, 7)",0.0
16106,"(20, 95, 7)",0.0
16107,"(0, 95, 8)",0.0
16108,"(1, 95, 8)",0.0
16109,"(2, 95, 8)",0.0
16110,"(3, 95, 8)",0.0
16111,"(4, 95, 8)",0.0
16112,"(5, 95, 8)",0.0
16113,"(6, 95, 8)",0.0
16114,"(7, 95, 8)",0.0
16115,"(8, 95, 8)",0.0
16116,"(9, 95, 8)",0.0
16117,"(10, 95, 8)",0.0
16118,"(11, 95, 8)",0.0
16119,"(12, 95, 8)",0.0
16120,"(13, 95, 8)",0.0
16121,"(14, 95, 8)",0.0
16122,"(15, 95, 8)",0.0
16123,"(16, 95, 8)",0.0
16124,"(17, 95, 8)",0.0
16125,"(18, 95, 8)",0.0
16126,"(19, 95, 8)",0.0
16127,"(20, 95, 8)",0.0
16128,"(0, 96, 1)",0.0
16129,"(1, 96, 1)",0.0
16130,"(2, 96, 1)",0.0
16131,"(3, 96, 1)",0.0
16132,"(4, 96, 1)",0.0
16133,"(5, 96, 1)",0.0
16134,"(6, 96, 1)",0.0
16135,"(7, 96, 1)",0.0
16136,"(8, 96, 1)",0.0
16137,"(9, 96, 1)",0.0
16138,"(10, 96, 1)",0.0
16139,"(11, 96, 1)",0.0
16140,"(12, 96, 1)",0.0
16141,"(13, 96, 1)",0.0
16142,"(14, 96, 1)",0.0
16143,"(15, 96, 1)",0.0
16144,"(16, 96, 1)",0.0
16145,"(17, 96, 1)",0.0
16146,"(18, 96, 1)",0.0
16147,"(19, 96, 1)",0.0
16148,"(20, 96, 1)",0.0
16149,"(0, 96, 2)",0.0
16150,"(1, 96, 2)",0.0
16151,"(2, 96, 2)",0.0
16152,"(3, 96, 2)",0.0
16153,"(4, 96, 2)",0.0
16154,"(5, 96, 2)",0.0
16155,"(6, 96, 2)",0.0
16156,"(7, 96, 2)",0.0
16157,"(8, 96, 2)",0.0
16158,"(9, 96, 2)",0.0
16159,"(10, 96, 2)",0.0
16160,"(11, 96, 2)",0.0
16161,"(12, 96, 2)",0.0
16162,"(13, 96, 2)",0.0
16163,"(14, 96, 2)",0.0
16164,"(15, 96, 2)",0.0
16165,"(16, 96, 2)",0.0
16166,"(17, 96, 2)",0.0
16167,"(18, 96, 2)",0.0
16168,"(19, 96, 2)",0.0
16169,"(20, 96, 2)",0.0
16170,"(0, 96, 3)",0.0
16171,"(1, 96, 3)",0.0
16172,"(2, 96, 3)",0.0
16173,"(3, 96, 3)",0.0
16174,"(4, 96, 3)",0.0
16175,"(5, 96, 3)",0.0
16176,"(6, 96, 3)",0.0
16177,"(7, 96, 3)",0.0
16178,"(8, 96, 3)",0.0
16179,"(9, 96, 3)",0.0
16180,"(10, 96, 3)",0.0
16181,"(11, 96, 3)",0.0
16182,"(12, 96, 3)",0.0
16183,"(13, 96, 3)",0.0
16184,"(14, 96, 3)",0.0
16185,"(15, 96, 3)",0.0
16186,"(16, 96, 3)",0.0
16187,"(17, 96, 3)",0.0
16188,"(18, 96, 3)",0.0
16189,"(19, 96, 3)",0.0
16190,"(20, 96, 3)",0.0
16191,"(0, 96, 4)",0.0
16192,"(1, 96, 4)",0.0
16193,"(2, 96, 4)",0.0
16194,"(3, 96, 4)",0.0
16195,"(4, 96, 4)",0.0
16196,"(5, 96, 4)",0.0
16197,"(6, 96, 4)",0.0
16198,"(7, 96, 4)",0.0
16199,"(8, 96, 4)",0.0
16200,"(9, 96, 4)",0.0
16201,"(10, 96, 4)",0.0
16202,"(11, 96, 4)",0.0
16203,"(12, 96, 4)",0.0
16204,"(13, 96, 4)",0.0
16205,"(14, 96, 4)",0.0
16206,"(15, 96, 4)",0.0
16207,"(16, 96, 4)",0.0
16208,"(17, 96, 4)",0.0
16209,"(18, 96, 4)",0.0
16210,"(19, 96, 4)",0.0
16211,"(20, 96, 4)",0.0
16212,"(0, 96, 5)",0.0
16213,"(1, 96, 5)",0.0
16214,"(2, 96, 5)",0.0
16215,"(3, 96, 5)",0.0
16216,"(4, 96, 5)",0.0
16217,"(5, 96, 5)",0.0
16218,"(6, 96, 5)",0.0
16219,"(7, 96, 5)",0.0
16220,"(8, 96, 5)",0.0
16221,"(9, 96, 5)",0.0
16222,"(10, 96, 5)",0.0
16223,"(11, 96, 5)",0.0
16224,"(12, 96, 5)",0.0
16225,"(13, 96, 5)",0.0
16226,"(14, 96, 5)",0.0
16227,"(15, 96, 5)",0.0
16228,"(16, 96, 5)",0.0
16229,"(17, 96, 5)",0.0
16230,"(18, 96, 5)",0.0
16231,"(19, 96, 5)",0.0
16232,"(20, 96, 5)",0.0
16233,"(0, 96, 6)",0.0
16234,"(1, 96, 6)",0.0
16235,"(2, 96, 6)",0.0
16236,"(3, 96, 6)",0.0
16237,"(4, 96, 6)",0.0
16238,"(5, 96, 6)",0.0
16239,"(6, 96, 6)",0.0
16240,"(7, 96, 6)",0.0
16241,"(8, 96, 6)",0.0
16242,"(9, 96, 6)",0.0
16243,"(10, 96, 6)",0.0
16244,"(11, 96, 6)",0.0
16245,"(12, 96, 6)",0.0
16246,"(13, 96, 6)",0.0
16247,"(14, 96, 6)",0.0
16248,"(15, 96, 6)",0.0
16249,"(16, 96, 6)",0.0
16250,"(17, 96, 6)",0.0
16251,"(18, 96, 6)",0.0
16252,"(19, 96, 6)",0.0
16253,"(20, 96, 6)",0.0
16254,"(0, 96, 7)",0.0
16255,"(1, 96, 7)",0.0
16256,"(2, 96, 7)",0.0
16257,"(3, 96, 7)",0.0
16258,"(4, 96, 7)",0.0
16259,"(5, 96, 7)",0.0
16260,"(6, 96, 7)",0.0
16261,"(7, 96, 7)",0.0
16262,"(8, 96, 7)",0.0
16263,"(9, 96, 7)",0.0
16264,"(10, 96, 7)",0.0
16265,"(11, 96, 7)",0.0
16266,"(12, 96, 7)",0.0
16267,"(13, 96, 7)",0.0
16268,"(14, 96, 7)",0.0
16269,"(15, 96, 7)",0.0
16270,"(16, 96, 7)",0.0
16271,"(17, 96, 7)",0.0
16272,"(18, 96, 7)",0.0
16273,"(19, 96, 7)",0.0
16274,"(20, 96, 7)",0.0
16275,"(0, 96, 8)",2.0
16276,"(1, 96, 8)",0.0
16277,"(2, 96, 8)",1.0
16278,"(3, 96, 8)",0.0
16279,"(4, 96, 8)",0.0
16280,"(5, 96, 8)",0.0
16281,"(6, 96, 8)",0.0
16282,"(7, 96, 8)",0.0
16283,"(8, 96, 8)",0.0
16284,"(9, 96, 8)",3.0
16285,"(10, 96, 8)",3.0
16286,"(11, 96, 8)",0.0
16287,"(12, 96, 8)",0.0
16288,"(13, 96, 8)",0.0
16289,"(14, 96, 8)",0.0
16290,"(15, 96, 8)",0.0
16291,"(16, 96, 8)",0.0
16292,"(17, 96, 8)",0.0
16293,"(18, 96, 8)",0.0
16294,"(19, 96, 8)",0.0
16295,"(20, 96, 8)",0.0
16296,"(0, 97, 1)",0.0
16297,"(1, 97, 1)",0.0
16298,"(2, 97, 1)",0.0
16299,"(3, 97, 1)",0.0
16300,"(4, 97, 1)",0.0
16301,"(5, 97, 1)",0.0
16302,"(6, 97, 1)",0.0
16303,"(7, 97, 1)",0.0
16304,"(8, 97, 1)",0.0
16305,"(9, 97, 1)",0.0
16306,"(10, 97, 1)",0.0
16307,"(11, 97, 1)",0.0
16308,"(12, 97, 1)",0.0
16309,"(13, 97, 1)",0.0
16310,"(14, 97, 1)",0.0
16311,"(15, 97, 1)",0.0
16312,"(16, 97, 1)",0.0
16313,"(17, 97, 1)",0.0
16314,"(18, 97, 1)",0.0
16315,"(19, 97, 1)",0.0
16316,"(20, 97, 1)",0.0
16317,"(0, 97, 2)",0.0
16318,"(1, 97, 2)",0.0
16319,"(2, 97, 2)",2.0
16320,"(3, 97, 2)",0.0
16321,"(4, 97, 2)",0.0
16322,"(5, 97, 2)",0.0
16323,"(6, 97, 2)",0.0
16324,"(7, 97, 2)",0.0
16325,"(8, 97, 2)",0.0
16326,"(9, 97, 2)",0.0
16327,"(10, 97, 2)",0.0
16328,"(11, 97, 2)",0.0
16329,"(12, 97, 2)",0.0
16330,"(13, 97, 2)",0.0
16331,"(14, 97, 2)",0.0
16332,"(15, 97, 2)",0.0
16333,"(16, 97, 2)",0.0
16334,"(17, 97, 2)",0.0
16335,"(18, 97, 2)",0.0
16336,"(19, 97, 2)",0.0
16337,"(20, 97, 2)",0.0
16338,"(0, 97, 3)",0.0
16339,"(1, 97, 3)",0.0
16340,"(2, 97, 3)",0.0
16341,"(3, 97, 3)",0.0
16342,"(4, 97, 3)",0.0
16343,"(5, 97, 3)",0.0
16344,"(6, 97, 3)",0.0
16345,"(7, 97, 3)",0.0
16346,"(8, 97, 3)",0.0
16347,"(9, 97, 3)",3.0
16348,"(10, 97, 3)",0.0
16349,"(11, 97, 3)",0.0
16350,"(12, 97, 3)",0.0
16351,"(13, 97, 3)",0.0
16352,"(14, 97, 3)",0.0
16353,"(15, 97, 3)",0.0
16354,"(16, 97, 3)",0.0
16355,"(17, 97, 3)",0.0
16356,"(18, 97, 3)",0.0
16357,"(19, 97, 3)",0.0
16358,"(20, 97, 3)",0.0
16359,"(0, 97, 4)",0.0
16360,"(1, 97, 4)",0.0
16361,"(2, 97, 4)",0.0
16362,"(3, 97, 4)",2.0000000000000004
16363,"(4, 97, 4)",0.0
16364,"(5, 97, 4)",0.0
16365,"(6, 97, 4)",0.0
16366,"(7, 97, 4)",0.0
16367,"(8, 97, 4)",0.0
16368,"(9, 97, 4)",3.0
16369,"(10, 97, 4)",0.0
16370,"(11, 97, 4)",0.0
16371,"(12, 97, 4)",0.0
16372,"(13, 97, 4)",0.0
16373,"(14, 97, 4)",0.0
16374,"(15, 97, 4)",0.0
16375,"(16, 97, 4)",0.0
16376,"(17, 97, 4)",0.0
16377,"(18, 97, 4)",0.0
16378,"(19, 97, 4)",0.0
16379,"(20, 97, 4)",0.0
16380,"(0, 97, 5)",0.0
16381,"(1, 97, 5)",6.0
16382,"(2, 97, 5)",0.0
16383,"(3, 97, 5)",3.0
16384,"(4, 97, 5)",0.0
16385,"(5, 97, 5)",0.0
16386,"(6, 97, 5)",0.0
16387,"(7, 97, 5)",0.0
16388,"(8, 97, 5)",0.0
16389,"(9, 97, 5)",3.0
16390,"(10, 97, 5)",0.0
16391,"(11, 97, 5)",0.0
16392,"(12, 97, 5)",0.0
16393,"(13, 97, 5)",0.0
16394,"(14, 97, 5)",0.0
16395,"(15, 97, 5)",0.0
16396,"(16, 97, 5)",0.0
16397,"(17, 97, 5)",0.0
16398,"(18, 97, 5)",0.0
16399,"(19, 97, 5)",0.0
16400,"(20, 97, 5)",0.0
16401,"(0, 97, 6)",0.0
16402,"(1, 97, 6)",0.0
16403,"(2, 97, 6)",0.0
16404,"(3, 97, 6)",0.0
16405,"(4, 97, 6)",0.0
16406,"(5, 97, 6)",0.0
16407,"(6, 97, 6)",0.0
16408,"(7, 97, 6)",0.0
16409,"(8, 97, 6)",0.0
16410,"(9, 97, 6)",3.0
16411,"(10, 97, 6)",0.0
16412,"(11, 97, 6)",0.0
16413,"(12, 97, 6)",0.0
16414,"(13, 97, 6)",0.0
16415,"(14, 97, 6)",0.0
16416,"(15, 97, 6)",0.0
16417,"(16, 97, 6)",0.0
16418,"(17, 97, 6)",0.0
16419,"(18, 97, 6)",0.0
16420,"(19, 97, 6)",0.0
16421,"(20, 97, 6)",0.0
16422,"(0, 97, 7)",2.0
16423,"(1, 97, 7)",0.0
16424,"(2, 97, 7)",0.0
16425,"(3, 97, 7)",0.0
16426,"(4, 97, 7)",0.0
16427,"(5, 97, 7)",0.0
16428,"(6, 97, 7)",0.0
16429,"(7, 97, 7)",0.0
16430,"(8, 97, 7)",0.0
16431,"(9, 97, 7)",0.0
16432,"(10, 97, 7)",0.0
16433,"(11, 97, 7)",0.0
16434,"(12, 97, 7)",0.0
16435,"(13, 97, 7)",0.0
16436,"(14, 97, 7)",0.0
16437,"(15, 97, 7)",0.0
16438,"(16, 97, 7)",0.0
16439,"(17, 97, 7)",0.0
16440,"(18, 97, 7)",0.0
16441,"(19, 97, 7)",0.0
16442,"(20, 97, 7)",0.0
16443,"(0, 97, 8)",0.0
16444,"(1, 97, 8)",0.0
16445,"(2, 97, 8)",0.0
16446,"(3, 97, 8)",0.0
16447,"(4, 97, 8)",0.0
16448,"(5, 97, 8)",0.0
16449,"(6, 97, 8)",0.0
16450,"(7, 97, 8)",0.0
16451,"(8, 97, 8)",0.0
16452,"(9, 97, 8)",0.0
16453,"(10, 97, 8)",0.0
16454,"(11, 97, 8)",0.0
16455,"(12, 97, 8)",0.0
16456,"(13, 97, 8)",0.0
16457,"(14, 97, 8)",0.0
16458,"(15, 97, 8)",0.0
16459,"(16, 97, 8)",0.0
16460,"(17, 97, 8)",0.0
16461,"(18, 97, 8)",0.0
16462,"(19, 97, 8)",0.0
16463,"(20, 97, 8)",0.0
16464,"(0, 98, 1)",0.0
16465,"(1, 98, 1)",0.0
16466,"(2, 98, 1)",0.0
16467,"(3, 98, 1)",0.0
16468,"(4, 98, 1)",0.0
16469,"(5, 98, 1)",0.0
16470,"(6, 98, 1)",0.0
16471,"(7, 98, 1)",0.0
16472,"(8, 98, 1)",0.0
16473,"(9, 98, 1)",0.0
16474,"(10, 98, 1)",0.0
16475,"(11, 98, 1)",0.0
16476,"(12, 98, 1)",0.0
16477,"(13, 98, 1)",0.0
16478,"(14, 98, 1)",0.0
16479,"(15, 98, 1)",0.0
16480,"(16, 98, 1)",0.0
16481,"(17, 98, 1)",0.0
16482,"(18, 98, 1)",0.0
16483,"(19, 98, 1)",0.0
16484,"(20, 98, 1)",0.0
16485,"(0, 98, 2)",0.0
16486,"(1, 98, 2)",0.0
16487,"(2, 98, 2)",0.0
16488,"(3, 98, 2)",0.0
16489,"(4, 98, 2)",0.0
16490,"(5, 98, 2)",0.0
16491,"(6, 98, 2)",0.0
16492,"(7, 98, 2)",0.0
16493,"(8, 98, 2)",0.0
16494,"(9, 98, 2)",0.0
16495,"(10, 98, 2)",0.0
16496,"(11, 98, 2)",0.0
16497,"(12, 98, 2)",0.0
16498,"(13, 98, 2)",0.0
16499,"(14, 98, 2)",0.0
16500,"(15, 98, 2)",0.0
16501,"(16, 98, 2)",0.0
16502,"(17, 98, 2)",0.0
16503,"(18, 98, 2)",0.0
16504,"(19, 98, 2)",0.0
16505,"(20, 98, 2)",0.0
16506,"(0, 98, 3)",0.0
16507,"(1, 98, 3)",0.0
16508,"(2, 98, 3)",0.0
16509,"(3, 98, 3)",0.0
16510,"(4, 98, 3)",0.0
16511,"(5, 98, 3)",0.0
16512,"(6, 98, 3)",0.0
16513,"(7, 98, 3)",0.0
16514,"(8, 98, 3)",0.0
16515,"(9, 98, 3)",0.0
16516,"(10, 98, 3)",0.0
16517,"(11, 98, 3)",0.0
16518,"(12, 98, 3)",0.0
16519,"(13, 98, 3)",0.0
16520,"(14, 98, 3)",0.0
16521,"(15, 98, 3)",0.0
16522,"(16, 98, 3)",0.0
16523,"(17, 98, 3)",0.0
16524,"(18, 98, 3)",0.0
16525,"(19, 98, 3)",0.0
16526,"(20, 98, 3)",0.0
16527,"(0, 98, 4)",0.0
16528,"(1, 98, 4)",0.0
16529,"(2, 98, 4)",0.0
16530,"(3, 98, 4)",0.0
16531,"(4, 98, 4)",0.0
16532,"(5, 98, 4)",0.0
16533,"(6, 98, 4)",0.0
16534,"(7, 98, 4)",0.0
16535,"(8, 98, 4)",0.0
16536,"(9, 98, 4)",0.0
16537,"(10, 98, 4)",0.0
16538,"(11, 98, 4)",0.0
16539,"(12, 98, 4)",0.0
16540,"(13, 98, 4)",0.0
16541,"(14, 98, 4)",0.0
16542,"(15, 98, 4)",0.0
16543,"(16, 98, 4)",0.0
16544,"(17, 98, 4)",0.0
16545,"(18, 98, 4)",0.0
16546,"(19, 98, 4)",0.0
16547,"(20, 98, 4)",0.0
16548,"(0, 98, 5)",0.0
16549,"(1, 98, 5)",0.0
16550,"(2, 98, 5)",0.0
16551,"(3, 98, 5)",0.0
16552,"(4, 98, 5)",0.0
16553,"(5, 98, 5)",0.0
16554,"(6, 98, 5)",0.0
16555,"(7, 98, 5)",0.0
16556,"(8, 98, 5)",0.0
16557,"(9, 98, 5)",0.0
16558,"(10, 98, 5)",0.0
16559,"(11, 98, 5)",0.0
16560,"(12, 98, 5)",0.0
16561,"(13, 98, 5)",0.0
16562,"(14, 98, 5)",0.0
16563,"(15, 98, 5)",0.0
16564,"(16, 98, 5)",0.0
16565,"(17, 98, 5)",0.0
16566,"(18, 98, 5)",0.0
16567,"(19, 98, 5)",0.0
16568,"(20, 98, 5)",0.0
16569,"(0, 98, 6)",0.0
16570,"(1, 98, 6)",0.0
16571,"(2, 98, 6)",0.0
16572,"(3, 98, 6)",0.0
16573,"(4, 98, 6)",0.0
16574,"(5, 98, 6)",0.0
16575,"(6, 98, 6)",0.0
16576,"(7, 98, 6)",0.0
16577,"(8, 98, 6)",0.0
16578,"(9, 98, 6)",0.0
16579,"(10, 98, 6)",0.0
16580,"(11, 98, 6)",0.0
16581,"(12, 98, 6)",0.0
16582,"(13, 98, 6)",0.0
16583,"(14, 98, 6)",0.0
16584,"(15, 98, 6)",0.0
16585,"(16, 98, 6)",0.0
16586,"(17, 98, 6)",0.0
16587,"(18, 98, 6)",0.0
16588,"(19, 98, 6)",0.0
16589,"(20, 98, 6)",0.0
16590,"(0, 98, 7)",0.0
16591,"(1, 98, 7)",0.0
16592,"(2, 98, 7)",0.0
16593,"(3, 98, 7)",0.0
16594,"(4, 98, 7)",0.0
16595,"(5, 98, 7)",0.0
16596,"(6, 98, 7)",0.0
16597,"(7, 98, 7)",0.0
16598,"(8, 98, 7)",0.0
16599,"(9, 98, 7)",0.0
16600,"(10, 98, 7)",0.0
16601,"(11, 98, 7)",0.0
16602,"(12, 98, 7)",0.0
16603,"(13, 98, 7)",0.0
16604,"(14, 98, 7)",0.0
16605,"(15, 98, 7)",0.0
16606,"(16, 98, 7)",0.0
16607,"(17, 98, 7)",0.0
16608,"(18, 98, 7)",0.0
16609,"(19, 98, 7)",0.0
16610,"(20, 98, 7)",0.0
16611,"(0, 98, 8)",0.0
16612,"(1, 98, 8)",0.0
16613,"(2, 98, 8)",0.0
16614,"(3, 98, 8)",0.0
16615,"(4, 98, 8)",0.0
16616,"(5, 98, 8)",0.0
16617,"(6, 98, 8)",0.0
16618,"(7, 98, 8)",5.0
16619,"(8, 98, 8)",0.0
16620,"(9, 98, 8)",0.0
16621,"(10, 98, 8)",0.0
16622,"(11, 98, 8)",7.0
16623,"(12, 98, 8)",0.0
16624,"(13, 98, 8)",0.0
16625,"(14, 98, 8)",0.0
16626,"(15, 98, 8)",0.0
16627,"(16, 98, 8)",0.0
16628,"(17, 98, 8)",0.0
16629,"(18, 98, 8)",0.0
16630,"(19, 98, 8)",0.0
16631,"(20, 98, 8)",0.0
16632,"(0, 99, 1)",0.0
16633,"(1, 99, 1)",0.0
16634,"(2, 99, 1)",0.0
16635,"(3, 99, 1)",0.0
16636,"(4, 99, 1)",0.0
16637,"(5, 99, 1)",0.0
16638,"(6, 99, 1)",0.0
16639,"(7, 99, 1)",0.0
16640,"(8, 99, 1)",0.0
16641,"(9, 99, 1)",0.0
16642,"(10, 99, 1)",0.0
16643,"(11, 99, 1)",4.0
16644,"(12, 99, 1)",0.0
16645,"(13, 99, 1)",0.0
16646,"(14, 99, 1)",0.0
16647,"(15, 99, 1)",0.0
16648,"(16, 99, 1)",0.0
16649,"(17, 99, 1)",0.0
16650,"(18, 99, 1)",0.0
16651,"(19, 99, 1)",0.0
16652,"(20, 99, 1)",0.0
16653,"(0, 99, 2)",0.0
16654,"(1, 99, 2)",0.0
16655,"(2, 99, 2)",0.0
16656,"(3, 99, 2)",0.0
16657,"(4, 99, 2)",0.0
16658,"(5, 99, 2)",0.0
16659,"(6, 99, 2)",0.0
16660,"(7, 99, 2)",0.0
16661,"(8, 99, 2)",0.0
16662,"(9, 99, 2)",0.0
16663,"(10, 99, 2)",0.0
16664,"(11, 99, 2)",6.0
16665,"(12, 99, 2)",0.0
16666,"(13, 99, 2)",0.0
16667,"(14, 99, 2)",0.0
16668,"(15, 99, 2)",0.0
16669,"(16, 99, 2)",0.0
16670,"(17, 99, 2)",0.0
16671,"(18, 99, 2)",0.0
16672,"(19, 99, 2)",0.0
16673,"(20, 99, 2)",0.0
16674,"(0, 99, 3)",0.0
16675,"(1, 99, 3)",0.0
16676,"(2, 99, 3)",0.0
16677,"(3, 99, 3)",0.0
16678,"(4, 99, 3)",0.0
16679,"(5, 99, 3)",0.0
16680,"(6, 99, 3)",0.0
16681,"(7, 99, 3)",0.0
16682,"(8, 99, 3)",0.0
16683,"(9, 99, 3)",0.0
16684,"(10, 99, 3)",0.0
16685,"(11, 99, 3)",0.0
16686,"(12, 99, 3)",0.0
16687,"(13, 99, 3)",0.0
16688,"(14, 99, 3)",0.0
16689,"(15, 99, 3)",0.0
16690,"(16, 99, 3)",0.0
16691,"(17, 99, 3)",0.0
16692,"(18, 99, 3)",0.0
16693,"(19, 99, 3)",0.0
16694,"(20, 99, 3)",0.0
16695,"(0, 99, 4)",0.0
16696,"(1, 99, 4)",0.0
16697,"(2, 99, 4)",0.0
16698,"(3, 99, 4)",0.0
16699,"(4, 99, 4)",0.0
16700,"(5, 99, 4)",0.0
16701,"(6, 99, 4)",0.0
16702,"(7, 99, 4)",5.0
16703,"(8, 99, 4)",0.0
16704,"(9, 99, 4)",0.0
16705,"(10, 99, 4)",0.0
16706,"(11, 99, 4)",6.0
16707,"(12, 99, 4)",0.0
16708,"(13, 99, 4)",0.0
16709,"(14, 99, 4)",0.0
16710,"(15, 99, 4)",0.0
16711,"(16, 99, 4)",0.0
16712,"(17, 99, 4)",0.0
16713,"(18, 99, 4)",0.0
16714,"(19, 99, 4)",0.0
16715,"(20, 99, 4)",0.0
16716,"(0, 99, 5)",0.0
16717,"(1, 99, 5)",0.0
16718,"(2, 99, 5)",0.0
16719,"(3, 99, 5)",0.0
16720,"(4, 99, 5)",0.0
16721,"(5, 99, 5)",0.0
16722,"(6, 99, 5)",0.0
16723,"(7, 99, 5)",5.0
16724,"(8, 99, 5)",0.0
16725,"(9, 99, 5)",0.0
16726,"(10, 99, 5)",0.0
16727,"(11, 99, 5)",6.0
16728,"(12, 99, 5)",0.0
16729,"(13, 99, 5)",0.0
16730,"(14, 99, 5)",0.0
16731,"(15, 99, 5)",0.0
16732,"(16, 99, 5)",0.0
16733,"(17, 99, 5)",0.0
16734,"(18, 99, 5)",0.0
16735,"(19, 99, 5)",0.0
16736,"(20, 99, 5)",0.0
16737,"(0, 99, 6)",0.0
16738,"(1, 99, 6)",0.0
16739,"(2, 99, 6)",0.0
16740,"(3, 99, 6)",0.0
16741,"(4, 99, 6)",0.0
16742,"(5, 99, 6)",0.0
16743,"(6, 99, 6)",0.0
16744,"(7, 99, 6)",5.0
16745,"(8, 99, 6)",0.0
16746,"(9, 99, 6)",0.0
16747,"(10, 99, 6)",0.0
16748,"(11, 99, 6)",7.0
16749,"(12, 99, 6)",0.0
16750,"(13, 99, 6)",0.0
16751,"(14, 99, 6)",0.0
16752,"(15, 99, 6)",0.0
16753,"(16, 99, 6)",0.0
16754,"(17, 99, 6)",0.0
16755,"(18, 99, 6)",0.0
16756,"(19, 99, 6)",0.0
16757,"(20, 99, 6)",0.0
16758,"(0, 99, 7)",0.0
16759,"(1, 99, 7)",0.0
16760,"(2, 99, 7)",0.0
16761,"(3, 99, 7)",0.0
16762,"(4, 99, 7)",0.0
16763,"(5, 99, 7)",0.0
16764,"(6, 99, 7)",0.0
16765,"(7, 99, 7)",5.0
16766,"(8, 99, 7)",0.0
16767,"(9, 99, 7)",0.0
16768,"(10, 99, 7)",0.0
16769,"(11, 99, 7)",7.0
16770,"(12, 99, 7)",0.0
16771,"(13, 99, 7)",0.0
16772,"(14, 99, 7)",0.0
16773,"(15, 99, 7)",0.0
16774,"(16, 99, 7)",0.0
16775,"(17, 99, 7)",0.0
16776,"(18, 99, 7)",0.0
16777,"(19, 99, 7)",0.0
16778,"(20, 99, 7)",0.0
16779,"(0, 99, 8)",0.0
16780,"(1, 99, 8)",0.0
16781,"(2, 99, 8)",0.0
16782,"(3, 99, 8)",0.0
16783,"(4, 99, 8)",0.0
16784,"(5, 99, 8)",0.0
16785,"(6, 99, 8)",0.0
16786,"(7, 99, 8)",0.0
16787,"(8, 99, 8)",0.0
16788,"(9, 99, 8)",0.0
16789,"(10, 99, 8)",0.0
16790,"(11, 99, 8)",0.0
16791,"(12, 99, 8)",0.0
16792,"(13, 99, 8)",0.0
16793,"(14, 99, 8)",0.0
16794,"(15, 99, 8)",0.0
16795,"(16, 99, 8)",0.0
16796,"(17, 99, 8)",0.0
16797,"(18, 99, 8)",0.0
16798,"(19, 99, 8)",0.0
16799,"(20, 99, 8)",0.0
16800,"(0, 100, 1)",0.0
16801,"(1, 100, 1)",0.0
16802,"(2, 100, 1)",0.0
16803,"(3, 100, 1)",0.0
16804,"(4, 100, 1)",0.0
16805,"(5, 100, 1)",0.0
16806,"(6, 100, 1)",0.0
16807,"(7, 100, 1)",0.0
16808,"(8, 100, 1)",0.0
16809,"(9, 100, 1)",0.0
16810,"(10, 100, 1)",0.0
16811,"(11, 100, 1)",0.0
16812,"(12, 100, 1)",0.0
16813,"(13, 100, 1)",0.0
16814,"(14, 100, 1)",0.0
16815,"(15, 100, 1)",0.0
16816,"(16, 100, 1)",0.0
16817,"(17, 100, 1)",0.0
16818,"(18, 100, 1)",0.0
16819,"(19, 100, 1)",0.0
16820,"(20, 100, 1)",0.0
16821,"(0, 100, 2)",0.0
16822,"(1, 100, 2)",0.0
16823,"(2, 100, 2)",0.0
16824,"(3, 100, 2)",0.0
16825,"(4, 100, 2)",0.0
16826,"(5, 100, 2)",0.0
16827,"(6, 100, 2)",0.0
16828,"(7, 100, 2)",0.0
16829,"(8, 100, 2)",0.0
16830,"(9, 100, 2)",0.0
16831,"(10, 100, 2)",0.0
16832,"(11, 100, 2)",0.0
16833,"(12, 100, 2)",0.0
16834,"(13, 100, 2)",0.0
16835,"(14, 100, 2)",0.0
16836,"(15, 100, 2)",0.0
16837,"(16, 100, 2)",0.0
16838,"(17, 100, 2)",0.0
16839,"(18, 100, 2)",0.0
16840,"(19, 100, 2)",0.0
16841,"(20, 100, 2)",0.0
16842,"(0, 100, 3)",0.0
16843,"(1, 100, 3)",0.0
16844,"(2, 100, 3)",0.0
16845,"(3, 100, 3)",0.0
16846,"(4, 100, 3)",0.0
16847,"(5, 100, 3)",0.0
16848,"(6, 100, 3)",0.0
16849,"(7, 100, 3)",0.0
16850,"(8, 100, 3)",0.0
16851,"(9, 100, 3)",0.0
16852,"(10, 100, 3)",0.0
16853,"(11, 100, 3)",0.0
16854,"(12, 100, 3)",0.0
16855,"(13, 100, 3)",0.0
16856,"(14, 100, 3)",0.0
16857,"(15, 100, 3)",0.0
16858,"(16, 100, 3)",0.0
16859,"(17, 100, 3)",0.0
16860,"(18, 100, 3)",0.0
16861,"(19, 100, 3)",0.0
16862,"(20, 100, 3)",0.0
16863,"(0, 100, 4)",0.0
16864,"(1, 100, 4)",0.0
16865,"(2, 100, 4)",0.0
16866,"(3, 100, 4)",0.0
16867,"(4, 100, 4)",0.0
16868,"(5, 100, 4)",0.0
16869,"(6, 100, 4)",0.0
16870,"(7, 100, 4)",0.0
16871,"(8, 100, 4)",0.0
16872,"(9, 100, 4)",0.0
16873,"(10, 100, 4)",0.0
16874,"(11, 100, 4)",0.0
16875,"(12, 100, 4)",0.0
16876,"(13, 100, 4)",0.0
16877,"(14, 100, 4)",0.0
16878,"(15, 100, 4)",0.0
16879,"(16, 100, 4)",0.0
16880,"(17, 100, 4)",0.0
16881,"(18, 100, 4)",0.0
16882,"(19, 100, 4)",0.0
16883,"(20, 100, 4)",0.0
16884,"(0, 100, 5)",0.0
16885,"(1, 100, 5)",0.0
16886,"(2, 100, 5)",0.0
16887,"(3, 100, 5)",0.0
16888,"(4, 100, 5)",0.0
16889,"(5, 100, 5)",0.0
16890,"(6, 100, 5)",0.0
16891,"(7, 100, 5)",0.0
16892,"(8, 100, 5)",0.0
16893,"(9, 100, 5)",0.0
16894,"(10, 100, 5)",0.0
16895,"(11, 100, 5)",0.0
16896,"(12, 100, 5)",0.0
16897,"(13, 100, 5)",0.0
16898,"(14, 100, 5)",0.0
16899,"(15, 100, 5)",0.0
16900,"(16, 100, 5)",0.0
16901,"(17, 100, 5)",0.0
16902,"(18, 100, 5)",0.0
16903,"(19, 100, 5)",0.0
16904,"(20, 100, 5)",0.0
16905,"(0, 100, 6)",0.0
16906,"(1, 100, 6)",0.0
16907,"(2, 100, 6)",0.0
16908,"(3, 100, 6)",0.0
16909,"(4, 100, 6)",0.0
16910,"(5, 100, 6)",0.0
16911,"(6, 100, 6)",0.0
16912,"(7, 100, 6)",0.0
16913,"(8, 100, 6)",0.0
16914,"(9, 100, 6)",0.0
16915,"(10, 100, 6)",0.0
16916,"(11, 100, 6)",0.0
16917,"(12, 100, 6)",0.0
16918,"(13, 100, 6)",0.0
16919,"(14, 100, 6)",0.0
16920,"(15, 100, 6)",0.0
16921,"(16, 100, 6)",0.0
16922,"(17, 100, 6)",0.0
16923,"(18, 100, 6)",0.0
16924,"(19, 100, 6)",0.0
16925,"(20, 100, 6)",0.0
16926,"(0, 100, 7)",0.0
16927,"(1, 100, 7)",0.0
16928,"(2, 100, 7)",0.0
16929,"(3, 100, 7)",0.0
16930,"(4, 100, 7)",0.0
16931,"(5, 100, 7)",0.0
16932,"(6, 100, 7)",0.0
16933,"(7, 100, 7)",0.0
16934,"(8, 100, 7)",0.0
16935,"(9, 100, 7)",0.0
16936,"(10, 100, 7)",0.0
16937,"(11, 100, 7)",0.0
16938,"(12, 100, 7)",0.0
16939,"(13, 100, 7)",0.0
16940,"(14, 100, 7)",0.0
16941,"(15, 100, 7)",0.0
16942,"(16, 100, 7)",0.0
16943,"(17, 100, 7)",0.0
16944,"(18, 100, 7)",0.0
16945,"(19, 100, 7)",0.0
16946,"(20, 100, 7)",0.0
16947,"(0, 100, 8)",0.0
16948,"(1, 100, 8)",0.0
16949,"(2, 100, 8)",0.0
16950,"(3, 100, 8)",0.0
16951,"(4, 100, 8)",3.0
16952,"(5, 100, 8)",0.0
16953,"(6, 100, 8)",0.0
16954,"(7, 100, 8)",0.0
16955,"(8, 100, 8)",0.0
16956,"(9, 100, 8)",0.0
16957,"(10, 100, 8)",0.0
16958,"(11, 100, 8)",0.0
16959,"(12, 100, 8)",0.0
16960,"(13, 100, 8)",0.0
16961,"(14, 100, 8)",0.0
16962,"(15, 100, 8)",0.0
16963,"(16, 100, 8)",0.0
16964,"(17, 100, 8)",0.0
16965,"(18, 100, 8)",8.0
16966,"(19, 100, 8)",0.0
16967,"(20, 100, 8)",0.0
16968,"(0, 101, 1)",0.0
16969,"(1, 101, 1)",0.0
16970,"(2, 101, 1)",0.0
16971,"(3, 101, 1)",0.0
16972,"(4, 101, 1)",0.0
16973,"(5, 101, 1)",0.0
16974,"(6, 101, 1)",0.0
16975,"(7, 101, 1)",0.0
16976,"(8, 101, 1)",0.0
16977,"(9, 101, 1)",0.0
16978,"(10, 101, 1)",0.0
16979,"(11, 101, 1)",0.0
16980,"(12, 101, 1)",0.0
16981,"(13, 101, 1)",0.0
16982,"(14, 101, 1)",0.0
16983,"(15, 101, 1)",0.0
16984,"(16, 101, 1)",0.0
16985,"(17, 101, 1)",0.0
16986,"(18, 101, 1)",0.0
16987,"(19, 101, 1)",0.0
16988,"(20, 101, 1)",0.0
16989,"(0, 101, 2)",0.0
16990,"(1, 101, 2)",0.0
16991,"(2, 101, 2)",0.0
16992,"(3, 101, 2)",0.0
16993,"(4, 101, 2)",0.0
16994,"(5, 101, 2)",0.0
16995,"(6, 101, 2)",0.0
16996,"(7, 101, 2)",0.0
16997,"(8, 101, 2)",0.0
16998,"(9, 101, 2)",0.0
16999,"(10, 101, 2)",0.0
17000,"(11, 101, 2)",0.0
17001,"(12, 101, 2)",0.0
17002,"(13, 101, 2)",0.0
17003,"(14, 101, 2)",0.0
17004,"(15, 101, 2)",0.0
17005,"(16, 101, 2)",0.0
17006,"(17, 101, 2)",0.0
17007,"(18, 101, 2)",0.0
17008,"(19, 101, 2)",0.0
17009,"(20, 101, 2)",0.0
17010,"(0, 101, 3)",0.0
17011,"(1, 101, 3)",0.0
17012,"(2, 101, 3)",0.0
17013,"(3, 101, 3)",0.0
17014,"(4, 101, 3)",0.0
17015,"(5, 101, 3)",0.0
17016,"(6, 101, 3)",0.0
17017,"(7, 101, 3)",0.0
17018,"(8, 101, 3)",0.0
17019,"(9, 101, 3)",0.0
17020,"(10, 101, 3)",0.0
17021,"(11, 101, 3)",0.0
17022,"(12, 101, 3)",0.0
17023,"(13, 101, 3)",0.0
17024,"(14, 101, 3)",0.0
17025,"(15, 101, 3)",0.0
17026,"(16, 101, 3)",0.0
17027,"(17, 101, 3)",0.0
17028,"(18, 101, 3)",0.0
17029,"(19, 101, 3)",0.0
17030,"(20, 101, 3)",0.0
17031,"(0, 101, 4)",0.0
17032,"(1, 101, 4)",0.0
17033,"(2, 101, 4)",0.0
17034,"(3, 101, 4)",0.0
17035,"(4, 101, 4)",0.0
17036,"(5, 101, 4)",0.0
17037,"(6, 101, 4)",0.0
17038,"(7, 101, 4)",0.0
17039,"(8, 101, 4)",0.0
17040,"(9, 101, 4)",0.0
17041,"(10, 101, 4)",0.0
17042,"(11, 101, 4)",0.0
17043,"(12, 101, 4)",0.0
17044,"(13, 101, 4)",0.0
17045,"(14, 101, 4)",0.0
17046,"(15, 101, 4)",0.0
17047,"(16, 101, 4)",0.0
17048,"(17, 101, 4)",0.0
17049,"(18, 101, 4)",0.0
17050,"(19, 101, 4)",0.0
17051,"(20, 101, 4)",0.0
17052,"(0, 101, 5)",0.0
17053,"(1, 101, 5)",0.0
17054,"(2, 101, 5)",0.0
17055,"(3, 101, 5)",0.0
17056,"(4, 101, 5)",0.0
17057,"(5, 101, 5)",0.0
17058,"(6, 101, 5)",0.0
17059,"(7, 101, 5)",0.0
17060,"(8, 101, 5)",0.0
17061,"(9, 101, 5)",0.0
17062,"(10, 101, 5)",0.0
17063,"(11, 101, 5)",0.0
17064,"(12, 101, 5)",0.0
17065,"(13, 101, 5)",0.0
17066,"(14, 101, 5)",0.0
17067,"(15, 101, 5)",0.0
17068,"(16, 101, 5)",0.0
17069,"(17, 101, 5)",0.0
17070,"(18, 101, 5)",0.0
17071,"(19, 101, 5)",0.0
17072,"(20, 101, 5)",0.0
17073,"(0, 101, 6)",0.0
17074,"(1, 101, 6)",0.0
17075,"(2, 101, 6)",0.0
17076,"(3, 101, 6)",0.0
17077,"(4, 101, 6)",0.0
17078,"(5, 101, 6)",0.0
17079,"(6, 101, 6)",0.0
17080,"(7, 101, 6)",0.0
17081,"(8, 101, 6)",0.0
17082,"(9, 101, 6)",0.0
17083,"(10, 101, 6)",0.0
17084,"(11, 101, 6)",0.0
17085,"(12, 101, 6)",0.0
17086,"(13, 101, 6)",0.0
17087,"(14, 101, 6)",0.0
17088,"(15, 101, 6)",0.0
17089,"(16, 101, 6)",0.0
17090,"(17, 101, 6)",0.0
17091,"(18, 101, 6)",0.0
17092,"(19, 101, 6)",0.0
17093,"(20, 101, 6)",0.0
17094,"(0, 101, 7)",0.0
17095,"(1, 101, 7)",0.0
17096,"(2, 101, 7)",0.0
17097,"(3, 101, 7)",0.0
17098,"(4, 101, 7)",0.0
17099,"(5, 101, 7)",0.0
17100,"(6, 101, 7)",0.0
17101,"(7, 101, 7)",0.0
17102,"(8, 101, 7)",0.0
17103,"(9, 101, 7)",0.0
17104,"(10, 101, 7)",0.0
17105,"(11, 101, 7)",0.0
17106,"(12, 101, 7)",0.0
17107,"(13, 101, 7)",0.0
17108,"(14, 101, 7)",0.0
17109,"(15, 101, 7)",0.0
17110,"(16, 101, 7)",0.0
17111,"(17, 101, 7)",0.0
17112,"(18, 101, 7)",0.0
17113,"(19, 101, 7)",0.0
17114,"(20, 101, 7)",0.0
17115,"(0, 101, 8)",0.0
17116,"(1, 101, 8)",0.0
17117,"(2, 101, 8)",0.0
17118,"(3, 101, 8)",0.0
17119,"(4, 101, 8)",0.0
17120,"(5, 101, 8)",7.0
17121,"(6, 101, 8)",0.0
17122,"(7, 101, 8)",0.0
17123,"(8, 101, 8)",0.0
17124,"(9, 101, 8)",0.0
17125,"(10, 101, 8)",0.0
17126,"(11, 101, 8)",0.0
17127,"(12, 101, 8)",0.0
17128,"(13, 101, 8)",0.0
17129,"(14, 101, 8)",0.0
17130,"(15, 101, 8)",0.0
17131,"(16, 101, 8)",0.0
17132,"(17, 101, 8)",0.0
17133,"(18, 101, 8)",0.0
17134,"(19, 101, 8)",9.0
17135,"(20, 101, 8)",9.0
17136,"(0, 102, 1)",0.0
17137,"(1, 102, 1)",0.0
17138,"(2, 102, 1)",0.0
17139,"(3, 102, 1)",0.0
17140,"(4, 102, 1)",0.0
17141,"(5, 102, 1)",0.0
17142,"(6, 102, 1)",0.0
17143,"(7, 102, 1)",0.0
17144,"(8, 102, 1)",0.0
17145,"(9, 102, 1)",0.0
17146,"(10, 102, 1)",0.0
17147,"(11, 102, 1)",0.0
17148,"(12, 102, 1)",0.0
17149,"(13, 102, 1)",0.0
17150,"(14, 102, 1)",0.0
17151,"(15, 102, 1)",0.0
17152,"(16, 102, 1)",0.0
17153,"(17, 102, 1)",0.0
17154,"(18, 102, 1)",0.0
17155,"(19, 102, 1)",0.0
17156,"(20, 102, 1)",0.0
17157,"(0, 102, 2)",0.0
17158,"(1, 102, 2)",0.0
17159,"(2, 102, 2)",0.0
17160,"(3, 102, 2)",0.0
17161,"(4, 102, 2)",0.0
17162,"(5, 102, 2)",0.0
17163,"(6, 102, 2)",0.0
17164,"(7, 102, 2)",0.0
17165,"(8, 102, 2)",0.0
17166,"(9, 102, 2)",0.0
17167,"(10, 102, 2)",0.0
17168,"(11, 102, 2)",0.0
17169,"(12, 102, 2)",0.0
17170,"(13, 102, 2)",0.0
17171,"(14, 102, 2)",0.0
17172,"(15, 102, 2)",0.0
17173,"(16, 102, 2)",0.0
17174,"(17, 102, 2)",0.0
17175,"(18, 102, 2)",0.0
17176,"(19, 102, 2)",0.0
17177,"(20, 102, 2)",0.0
17178,"(0, 102, 3)",0.0
17179,"(1, 102, 3)",0.0
17180,"(2, 102, 3)",0.0
17181,"(3, 102, 3)",0.0
17182,"(4, 102, 3)",0.0
17183,"(5, 102, 3)",0.0
17184,"(6, 102, 3)",0.0
17185,"(7, 102, 3)",0.0
17186,"(8, 102, 3)",0.0
17187,"(9, 102, 3)",0.0
17188,"(10, 102, 3)",0.0
17189,"(11, 102, 3)",0.0
17190,"(12, 102, 3)",0.0
17191,"(13, 102, 3)",0.0
17192,"(14, 102, 3)",0.0
17193,"(15, 102, 3)",0.0
17194,"(16, 102, 3)",0.0
17195,"(17, 102, 3)",0.0
17196,"(18, 102, 3)",0.0
17197,"(19, 102, 3)",9.0
17198,"(20, 102, 3)",0.0
17199,"(0, 102, 4)",0.0
17200,"(1, 102, 4)",0.0
17201,"(2, 102, 4)",0.0
17202,"(3, 102, 4)",0.0
17203,"(4, 102, 4)",0.0
17204,"(5, 102, 4)",7.0
17205,"(6, 102, 4)",0.0
17206,"(7, 102, 4)",0.0
17207,"(8, 102, 4)",0.0
17208,"(9, 102, 4)",0.0
17209,"(10, 102, 4)",0.0
17210,"(11, 102, 4)",0.0
17211,"(12, 102, 4)",0.0
17212,"(13, 102, 4)",0.0
17213,"(14, 102, 4)",0.0
17214,"(15, 102, 4)",0.0
17215,"(16, 102, 4)",0.0
17216,"(17, 102, 4)",0.0
17217,"(18, 102, 4)",0.0
17218,"(19, 102, 4)",0.0
17219,"(20, 102, 4)",0.0
17220,"(0, 102, 5)",0.0
17221,"(1, 102, 5)",0.0
17222,"(2, 102, 5)",0.0
17223,"(3, 102, 5)",0.0
17224,"(4, 102, 5)",0.0
17225,"(5, 102, 5)",0.0
17226,"(6, 102, 5)",0.0
17227,"(7, 102, 5)",0.0
17228,"(8, 102, 5)",0.0
17229,"(9, 102, 5)",0.0
17230,"(10, 102, 5)",0.0
17231,"(11, 102, 5)",0.0
17232,"(12, 102, 5)",0.0
17233,"(13, 102, 5)",0.0
17234,"(14, 102, 5)",0.0
17235,"(15, 102, 5)",0.0
17236,"(16, 102, 5)",0.0
17237,"(17, 102, 5)",0.0
17238,"(18, 102, 5)",0.0
17239,"(19, 102, 5)",0.0
17240,"(20, 102, 5)",0.0
17241,"(0, 102, 6)",0.0
17242,"(1, 102, 6)",0.0
17243,"(2, 102, 6)",0.0
17244,"(3, 102, 6)",0.0
17245,"(4, 102, 6)",0.0
17246,"(5, 102, 6)",0.0
17247,"(6, 102, 6)",0.0
17248,"(7, 102, 6)",0.0
17249,"(8, 102, 6)",0.0
17250,"(9, 102, 6)",0.0
17251,"(10, 102, 6)",0.0
17252,"(11, 102, 6)",0.0
17253,"(12, 102, 6)",0.0
17254,"(13, 102, 6)",0.0
17255,"(14, 102, 6)",0.0
17256,"(15, 102, 6)",0.0
17257,"(16, 102, 6)",0.0
17258,"(17, 102, 6)",0.0
17259,"(18, 102, 6)",0.0
17260,"(19, 102, 6)",0.0
17261,"(20, 102, 6)",0.0
17262,"(0, 102, 7)",0.0
17263,"(1, 102, 7)",0.0
17264,"(2, 102, 7)",0.0
17265,"(3, 102, 7)",0.0
17266,"(4, 102, 7)",0.0
17267,"(5, 102, 7)",7.0
17268,"(6, 102, 7)",4.0
17269,"(7, 102, 7)",0.0
17270,"(8, 102, 7)",0.0
17271,"(9, 102, 7)",0.0
17272,"(10, 102, 7)",0.0
17273,"(11, 102, 7)",0.0
17274,"(12, 102, 7)",0.0
17275,"(13, 102, 7)",0.0
17276,"(14, 102, 7)",0.0
17277,"(15, 102, 7)",0.0
17278,"(16, 102, 7)",0.0
17279,"(17, 102, 7)",0.0
17280,"(18, 102, 7)",0.0
17281,"(19, 102, 7)",0.0
17282,"(20, 102, 7)",9.0
17283,"(0, 102, 8)",0.0
17284,"(1, 102, 8)",0.0
17285,"(2, 102, 8)",0.0
17286,"(3, 102, 8)",0.0
17287,"(4, 102, 8)",0.0
17288,"(5, 102, 8)",0.0
17289,"(6, 102, 8)",0.0
17290,"(7, 102, 8)",0.0
17291,"(8, 102, 8)",0.0
17292,"(9, 102, 8)",0.0
17293,"(10, 102, 8)",0.0
17294,"(11, 102, 8)",0.0
17295,"(12, 102, 8)",0.0
17296,"(13, 102, 8)",0.0
17297,"(14, 102, 8)",0.0
17298,"(15, 102, 8)",0.0
17299,"(16, 102, 8)",0.0
17300,"(17, 102, 8)",0.0
17301,"(18, 102, 8)",0.0
17302,"(19, 102, 8)",0.0
17303,"(20, 102, 8)",0.0
17304,"(0, 103, 1)",0.0
17305,"(1, 103, 1)",0.0
17306,"(2, 103, 1)",0.0
17307,"(3, 103, 1)",0.0
17308,"(4, 103, 1)",0.0
17309,"(5, 103, 1)",0.0
17310,"(6, 103, 1)",0.0
17311,"(7, 103, 1)",0.0
17312,"(8, 103, 1)",0.0
17313,"(9, 103, 1)",0.0
17314,"(10, 103, 1)",0.0
17315,"(11, 103, 1)",0.0
17316,"(12, 103, 1)",0.0
17317,"(13, 103, 1)",0.0
17318,"(14, 103, 1)",0.0
17319,"(15, 103, 1)",0.0
17320,"(16, 103, 1)",0.0
17321,"(17, 103, 1)",0.0
17322,"(18, 103, 1)",0.0
17323,"(19, 103, 1)",0.0
17324,"(20, 103, 1)",0.0
17325,"(0, 103, 2)",0.0
17326,"(1, 103, 2)",0.0
17327,"(2, 103, 2)",0.0
17328,"(3, 103, 2)",0.0
17329,"(4, 103, 2)",0.0
17330,"(5, 103, 2)",0.0
17331,"(6, 103, 2)",0.0
17332,"(7, 103, 2)",0.0
17333,"(8, 103, 2)",0.0
17334,"(9, 103, 2)",0.0
17335,"(10, 103, 2)",0.0
17336,"(11, 103, 2)",0.0
17337,"(12, 103, 2)",0.0
17338,"(13, 103, 2)",0.0
17339,"(14, 103, 2)",0.0
17340,"(15, 103, 2)",0.0
17341,"(16, 103, 2)",0.0
17342,"(17, 103, 2)",0.0
17343,"(18, 103, 2)",0.0
17344,"(19, 103, 2)",0.0
17345,"(20, 103, 2)",0.0
17346,"(0, 103, 3)",0.0
17347,"(1, 103, 3)",0.0
17348,"(2, 103, 3)",0.0
17349,"(3, 103, 3)",0.0
17350,"(4, 103, 3)",0.0
17351,"(5, 103, 3)",0.0
17352,"(6, 103, 3)",0.0
17353,"(7, 103, 3)",0.0
17354,"(8, 103, 3)",0.0
17355,"(9, 103, 3)",0.0
17356,"(10, 103, 3)",0.0
17357,"(11, 103, 3)",0.0
17358,"(12, 103, 3)",0.0
17359,"(13, 103, 3)",0.0
17360,"(14, 103, 3)",0.0
17361,"(15, 103, 3)",0.0
17362,"(16, 103, 3)",0.0
17363,"(17, 103, 3)",0.0
17364,"(18, 103, 3)",0.0
17365,"(19, 103, 3)",0.0
17366,"(20, 103, 3)",0.0
17367,"(0, 103, 4)",0.0
17368,"(1, 103, 4)",0.0
17369,"(2, 103, 4)",0.0
17370,"(3, 103, 4)",0.0
17371,"(4, 103, 4)",0.0
17372,"(5, 103, 4)",0.0
17373,"(6, 103, 4)",0.0
17374,"(7, 103, 4)",0.0
17375,"(8, 103, 4)",0.0
17376,"(9, 103, 4)",0.0
17377,"(10, 103, 4)",0.0
17378,"(11, 103, 4)",0.0
17379,"(12, 103, 4)",0.0
17380,"(13, 103, 4)",0.0
17381,"(14, 103, 4)",0.0
17382,"(15, 103, 4)",0.0
17383,"(16, 103, 4)",0.0
17384,"(17, 103, 4)",0.0
17385,"(18, 103, 4)",0.0
17386,"(19, 103, 4)",0.0
17387,"(20, 103, 4)",0.0
17388,"(0, 103, 5)",0.0
17389,"(1, 103, 5)",0.0
17390,"(2, 103, 5)",0.0
17391,"(3, 103, 5)",0.0
17392,"(4, 103, 5)",0.0
17393,"(5, 103, 5)",0.0
17394,"(6, 103, 5)",0.0
17395,"(7, 103, 5)",0.0
17396,"(8, 103, 5)",0.0
17397,"(9, 103, 5)",0.0
17398,"(10, 103, 5)",0.0
17399,"(11, 103, 5)",0.0
17400,"(12, 103, 5)",0.0
17401,"(13, 103, 5)",0.0
17402,"(14, 103, 5)",0.0
17403,"(15, 103, 5)",0.0
17404,"(16, 103, 5)",0.0
17405,"(17, 103, 5)",0.0
17406,"(18, 103, 5)",0.0
17407,"(19, 103, 5)",0.0
17408,"(20, 103, 5)",0.0
17409,"(0, 103, 6)",0.0
17410,"(1, 103, 6)",0.0
17411,"(2, 103, 6)",0.0
17412,"(3, 103, 6)",0.0
17413,"(4, 103, 6)",0.0
17414,"(5, 103, 6)",0.0
17415,"(6, 103, 6)",0.0
17416,"(7, 103, 6)",0.0
17417,"(8, 103, 6)",0.0
17418,"(9, 103, 6)",0.0
17419,"(10, 103, 6)",0.0
17420,"(11, 103, 6)",0.0
17421,"(12, 103, 6)",0.0
17422,"(13, 103, 6)",0.0
17423,"(14, 103, 6)",0.0
17424,"(15, 103, 6)",0.0
17425,"(16, 103, 6)",0.0
17426,"(17, 103, 6)",0.0
17427,"(18, 103, 6)",0.0
17428,"(19, 103, 6)",0.0
17429,"(20, 103, 6)",0.0
17430,"(0, 103, 7)",0.0
17431,"(1, 103, 7)",0.0
17432,"(2, 103, 7)",0.0
17433,"(3, 103, 7)",0.0
17434,"(4, 103, 7)",0.0
17435,"(5, 103, 7)",0.0
17436,"(6, 103, 7)",0.0
17437,"(7, 103, 7)",0.0
17438,"(8, 103, 7)",0.0
17439,"(9, 103, 7)",0.0
17440,"(10, 103, 7)",0.0
17441,"(11, 103, 7)",0.0
17442,"(12, 103, 7)",0.0
17443,"(13, 103, 7)",0.0
17444,"(14, 103, 7)",0.0
17445,"(15, 103, 7)",0.0
17446,"(16, 103, 7)",0.0
17447,"(17, 103, 7)",0.0
17448,"(18, 103, 7)",0.0
17449,"(19, 103, 7)",0.0
17450,"(20, 103, 7)",0.0
17451,"(0, 103, 8)",0.0
17452,"(1, 103, 8)",0.0
17453,"(2, 103, 8)",0.0
17454,"(3, 103, 8)",0.0
17455,"(4, 103, 8)",0.0
17456,"(5, 103, 8)",0.0
17457,"(6, 103, 8)",0.0
17458,"(7, 103, 8)",0.0
17459,"(8, 103, 8)",0.0
17460,"(9, 103, 8)",0.0
17461,"(10, 103, 8)",0.0
17462,"(11, 103, 8)",0.0
17463,"(12, 103, 8)",0.0
17464,"(13, 103, 8)",0.0
17465,"(14, 103, 8)",0.0
17466,"(15, 103, 8)",0.0
17467,"(16, 103, 8)",0.0
17468,"(17, 103, 8)",0.0
17469,"(18, 103, 8)",0.0
17470,"(19, 103, 8)",0.0
17471,"(20, 103, 8)",0.0
